2474.17226949	1.04206633568	
2474.17921459	1.04272818565	
2474.1861597	1.04257106781	
2474.19310481	1.04133176804	
2474.20004991	1.04205083847	
2474.20699502	1.04086124897	
2474.21394012	1.038449049	
2474.22088523	1.03978776932	
2474.22783034	1.03839755058	
2474.23477544	1.03692412376	
2474.24172055	1.03661990166	
2474.24866566	1.03454661369	
2474.25561076	1.03404474258	
2474.26255587	1.03207468987	
2474.26950098	1.03088879585	
2474.27644608	1.02865874767	
2474.28339119	1.02614271641	
2474.2903363	1.02595543861	
2474.2972814	1.0235004425	
2474.30422651	1.02114832401	
2474.31117162	1.01690065861	
2474.31811672	1.01562213898	
2474.32506183	1.01256048679	
2474.33200694	1.01089906693	
2474.33895205	1.00920939445	
2474.34589715	1.0066511631	
2474.35284226	1.00481426716	
2474.35978737	1.00165295601	
2474.36673247	0.999316692352	
2474.37367758	0.997156023979	
2474.38062269	0.995840609074	
2474.3875678	0.994610548019	
2474.3945129	0.990601956844	
2474.40145801	0.988370537758	
2474.40840312	0.986858785152	
2474.41534822	0.984958648682	
2474.42229333	0.982207000256	
2474.42923844	0.980371534824	
2474.43618355	0.971748113632	
2474.44312865	0.960809648037	
2474.45007376	0.946876704693	
2474.45701887	0.92947357893	
2474.46396397	0.9092015028	
2474.47090908	0.890965104103	
2474.47785419	0.868388175964	
2474.48479929	0.842312753201	
2474.4917444	0.816354334354	
2474.49868951	0.787699997425	
2474.50563461	0.759541869164	
2474.51257972	0.730231225491	
2474.51952483	0.700057685375	
2474.52646993	0.670772254467	
2474.53341504	0.639182329178	
2474.54036014	0.610693335533	
2474.54730525	0.580861270428	
2474.55425036	0.557284474373	
2474.56119546	0.533454120159	
2474.56814057	0.512779355049	
2474.57508567	0.497122049332	
2474.58203078	0.486865162849	
2474.58897589	0.480052739382	
2474.59592099	0.479825973511	
2474.6028661	0.485725045204	
2474.6098112	0.494459092617	
2474.61675631	0.510892152786	
2474.62370141	0.530520737171	
2474.63064652	0.553614974022	
2474.63759162	0.578617215157	
2474.64453673	0.608120143414	
2474.65148183	0.634507954121	
2474.65842694	0.665775716305	
2474.66537204	0.695822656155	
2474.67231715	0.724508583546	
2474.67926225	0.755743324757	
2474.68620736	0.784087359905	
2474.69315246	0.81154602766	
2474.70009757	0.839220225811	
2474.70704267	0.862942218781	
2474.71398777	0.885082900524	
2474.72093288	0.905787944794	
2474.72787798	0.925760626793	
2474.73482309	0.943697750568	
2474.74176819	0.95762181282	
2474.74871329	0.970543324947	
2474.7556584	0.977356433868	
2474.7626035	0.979237735271	
2474.7695486	0.982510864735	
2474.77649371	0.984490692616	
2474.78343881	0.985306382179	
2474.79038391	0.988371253014	
2474.79732902	0.988464057446	
2474.80427412	0.992040395737	
2474.81121922	0.993395805359	
2474.81816432	0.995517492294	
2474.82510943	0.997991979122	
2474.83205453	0.998496174812	
2474.83899963	1.00260591507	
2474.84594473	1.00363183022	
2474.85288984	1.00535929203	
2474.85983494	1.0092716217	
2474.86678004	1.01107537746	
2474.87372514	1.01369810104	
2474.88067024	1.01601195335	
2474.88761534	1.01737654209	
2474.89456045	1.01718950272	
2474.90150555	1.02061879635	
2474.90845065	1.02409803867	
2474.91539575	1.02399611473	
2474.92234085	1.02559387684	
2474.92928595	1.02773404121	
2474.93623105	1.02987253666	
2474.94317615	1.02949714661	
2474.95012125	1.03134667873	
2474.95706635	1.03205895424	
2474.96401145	1.03382956982	
2474.97095655	1.03566050529	
2474.97790165	1.03719258308	
2474.98484675	1.03707146645	
2474.99179185	1.03658211231	
2474.99873695	1.0382822752	
2475.00568205	1.03722834587	
2475.01262715	1.03703832626	
2475.01957225	1.03812587261	
2475.02651735	1.03878176212	
2475.03346245	1.03941512108	
2475.04040755	1.04040133953	
2475.04735265	1.03939890862	
2475.05429775	1.03865122795	
2475.06124285	1.03803741932	
2475.06818795	1.03783917427	
2475.07513304	1.03630137444	
2475.08207814	1.03567039967	
2475.08902324	1.0353178978	
2475.09596834	1.03368365765	
2475.10291344	1.03508162498	
2475.10985853	1.03201580048	
2475.11680363	1.03132200241	
2475.12374873	1.02831542492	
2475.13069383	1.02772510052	
2475.13763893	1.02696669102	
2475.14458402	1.02414238453	
2475.15152912	1.02318656445	
2475.15847422	1.0203795433	
2475.16541931	1.02150392532	
2475.17236441	1.0192592144	
2475.17930951	1.01661586761	
2475.1862546	1.01607990265	
2475.1931997	1.01382029057	
2475.2001448	1.01390790939	
2475.20708989	1.01160478592	
2475.21403499	1.01001620293	
2475.22098009	1.00897467136	
2475.22792518	1.00951647758	
2475.23487028	1.00629770756	
2475.24181537	1.0045144558	
2475.24876047	0.999066233635	
2475.25570557	0.994629621506	
2475.26265066	0.988347232342	
2475.26959576	0.981821298599	
2475.27654085	0.973524034023	
2475.28348595	0.966117858887	
2475.29043104	0.957899451256	
2475.29737614	0.948585808277	
2475.30432123	0.938959002495	
2475.31126633	0.928747415543	
2475.31821142	0.918985784054	
2475.32515651	0.909596025944	
2475.33210161	0.898919165134	
2475.3390467	0.890810012817	
2475.3459918	0.880790829659	
2475.35293689	0.872594296932	
2475.35988199	0.864565253258	
2475.36682708	0.857172071934	
2475.37377217	0.851351559162	
2475.38071727	0.845857203007	
2475.38766236	0.842256426811	
2475.39460745	0.84128510952	
2475.40155255	0.83900219202	
2475.40849764	0.840240776539	
2475.41544273	0.843550682068	
2475.42238783	0.848443090916	
2475.42933292	0.853496313095	
2475.43627801	0.860236108303	
2475.4432231	0.868475437164	
2475.4501682	0.875612139702	
2475.45711329	0.885025262833	
2475.46405838	0.894186258316	
2475.47100347	0.904581606388	
2475.47794856	0.914467036724	
2475.48489366	0.924835920334	
2475.49183875	0.934406816959	
2475.49878384	0.943254232407	
2475.50572893	0.95143455267	
2475.51267402	0.959921181202	
2475.51961911	0.969307899475	
2475.52656421	0.978277146816	
2475.5335093	0.985157668591	
2475.54045439	0.990902841091	
2475.54739948	0.997158646584	
2475.55434457	0.999610722065	
2475.56128966	1.00397598743	
2475.56823475	1.00600099564	
2475.57517984	1.00884926319	
2475.58212493	1.00900876522	
2475.58907002	1.01137018204	
2475.59601511	1.01137900352	
2475.6029602	1.01466369629	
2475.60990529	1.01564061642	
2475.61685038	1.016471982	
2475.62379547	1.01879227161	
2475.63074056	1.01943910122	
2475.63768565	1.02193248272	
2475.64463074	1.02399420738	
2475.65157583	1.02645134926	
2475.65852092	1.02816331387	
2475.66546601	1.02819299698	
2475.6724111	1.03085136414	
2475.67935619	1.02970337868	
2475.68630128	1.03226590157	
2475.69324636	1.03597044945	
2475.70019145	1.03557348251	
2475.70713654	1.03741168976	
2475.71408163	1.03679680824	
2475.72102672	1.03823900223	
2475.72797181	1.03945565224	
2475.73491689	1.04065048695	
2475.74186198	1.04200088978	
2475.74880707	1.04175198078	
2475.75575216	1.04250729084	
2475.76269725	1.04157686234	
2475.76964233	1.04236316681	
2475.77658742	1.04257464409	
2475.78353251	1.0427685976	
2475.7904776	1.04344797134	
2475.79742268	1.04168868065	
2475.80436777	1.04277706146	
2475.81131286	1.04238009453	
2475.81825794	1.04122412205	
2475.82520303	1.03962934017	
2475.83214812	1.03934693336	
2475.8390932	1.03919029236	
2475.84603829	1.03800678253	
2475.85298338	1.03609585762	
2475.85992846	1.03346276283	
2475.86687355	1.03363060951	
2475.87381864	1.03162539005	
2475.88076372	1.02986812592	
2475.88770881	1.02879369259	
2475.89465389	1.02632272243	
2475.90159898	1.02431917191	
2475.90854406	1.0217871666	
2475.91548915	1.01965343952	
2475.92243424	1.01765441895	
2475.92937932	1.01490926743	
2475.93632441	1.01408326626	
2475.94326949	1.01292395592	
2475.95021458	1.00847518444	
2475.95715966	1.006731987	
2475.96410475	1.00317704678	
2475.97104983	1.0003336668	
2475.97799491	1.00001513958	
2475.98494	0.997808814049	
2475.99188508	0.994354367256	
2475.99883017	0.993638217449	
2476.00577525	0.990944683552	
2476.01272034	0.988749146461	
2476.01966542	0.988410234451	
2476.0266105	0.986330449581	
2476.03355559	0.984375	
2476.04050067	0.980492115021	
2476.04744576	0.975689232349	
2476.05439084	0.965984404087	
2476.06133592	0.953760385513	
2476.06828101	0.938284933567	
2476.07522609	0.92099404335	
2476.08217117	0.90019094944	
2476.08911626	0.878356277943	
2476.09606134	0.854092538357	
2476.10300642	0.828396201134	
2476.1099515	0.801474928856	
2476.11689659	0.77263790369	
2476.12384167	0.743454813957	
2476.13078675	0.714395105839	
2476.13773183	0.683525383472	
2476.14467692	0.65243434906	
2476.151622	0.622767627239	
2476.15856708	0.594756364822	
2476.16551216	0.567890226841	
2476.17245725	0.542264342308	
2476.17940233	0.522059321404	
2476.18634741	0.503205239773	
2476.19329249	0.490469425917	
2476.20023757	0.482042342424	
2476.20718265	0.478474855423	
2476.21412774	0.482376903296	
2476.22107282	0.491829484701	
2476.2280179	0.504486203194	
2476.23496298	0.521532654762	
2476.24190806	0.542728364468	
2476.24885314	0.567014336586	
2476.25579822	0.59426510334	
2476.2627433	0.621979117393	
2476.26968838	0.652315795422	
2476.27663346	0.680417299271	
2476.28357854	0.711564123631	
2476.29052362	0.741292953491	
2476.2974687	0.770816624165	
2476.30441378	0.798343360424	
2476.31135886	0.826195240021	
2476.31830394	0.853257834911	
2476.32524902	0.875314593315	
2476.3321941	0.897622525692	
2476.33913918	0.917520880699	
2476.34608426	0.935326337814	
2476.35302934	0.951826035976	
2476.35997442	0.965122878551	
2476.3669195	0.972673952579	
2476.37386458	0.978967487812	
2476.38080966	0.981598317623	
2476.38775474	0.98232293129	
2476.39469982	0.984242200851	
2476.4016449	0.985540807247	
2476.40858998	0.989017784595	
2476.41553506	0.989131748676	
2476.42248013	0.99139302969	
2476.42942521	0.992886602879	
2476.43637029	0.99714332819	
2476.44331537	0.998991787434	
2476.45026045	1.00054609776	
2476.45720553	1.00312936306	
2476.4641506	1.00583553314	
2476.47109568	1.00803494453	
2476.47804076	1.01037669182	
2476.48498584	1.01272761822	
2476.49193092	1.01469159126	
2476.49887599	1.01617062092	
2476.50582107	1.01774311066	
2476.51276615	1.01988434792	
2476.51971123	1.0217717886	
2476.5266563	1.02322971821	
2476.53360138	1.02549266815	
2476.54054646	1.0289440155	
2476.54749154	1.0305325985	
2476.55443661	1.03020560741	
2476.56138169	1.03097593784	
2476.56832677	1.03300333023	
2476.57527184	1.0335303545	
2476.58221692	1.03605020046	
2476.589162	1.0355900526	
2476.59610707	1.03637838364	
2476.60305215	1.03753054142	
2476.60999723	1.03890275955	
2476.6169423	1.03725683689	
2476.62388738	1.03926348686	
2476.63083245	1.03961694241	
2476.63777753	1.04040837288	
2476.64472261	1.03992116451	
2476.65166768	1.04068040848	
2476.65861276	1.04090607166	
2476.66555783	1.03836679459	
2476.67250291	1.03967165947	
2476.67944798	1.03835070133	
2476.68639306	1.03821027279	
2476.69333813	1.03686189651	
2476.70028321	1.03549873829	
2476.70722828	1.03379845619	
2476.71417336	1.03332030773	
2476.72111843	1.03291976452	
2476.72806351	1.03100001812	
2476.73500858	1.03006494045	
2476.74195366	1.02920794487	
2476.74889873	1.02756094933	
2476.75584381	1.02528655529	
2476.76278888	1.02384400368	
2476.76973396	1.02187728882	
2476.77667903	1.02022492886	
2476.78362411	1.01981163025	
2476.79056918	1.01904630661	
2476.79751425	1.01622748375	
2476.80445933	1.01396012306	
2476.8114044	1.01450908184	
2476.81834948	1.01243972778	
2476.82529455	1.01204609871	
2476.83223962	1.00813782215	
2476.8391847	1.00952529907	
2476.84612977	1.00605618954	
2476.85307484	1.00404953957	
2476.86001992	1.00005161762	
2476.86696499	0.997353374958	
2476.87391006	0.990904152393	
2476.88085514	0.984284460545	
2476.88780021	0.976817905903	
2476.89474528	0.968483805656	
2476.90169035	0.961518585682	
2476.90863543	0.951812744141	
2476.9155805	0.943890750408	
2476.92252557	0.933199644089	
2476.92947064	0.923513233662	
2476.93641572	0.912943720818	
2476.94336079	0.904462993145	
2476.95030586	0.893505334854	
2476.95725093	0.885380864143	
2476.96419601	0.875480115414	
2476.97114108	0.866446018219	
2476.97808615	0.860401034355	
2476.98503122	0.853117763996	
2476.99197629	0.846369743347	
2476.99892136	0.841716945171	
2477.00586644	0.838625490665	
2477.01281151	0.838437855244	
2477.01975658	0.838418364525	
2477.02670165	0.841342389584	
2477.03364672	0.84380787611	
2477.04059179	0.849993884563	
2477.04753686	0.856243371964	
2477.05448194	0.865078449249	
2477.06142701	0.872769057751	
2477.06837208	0.880951583385	
2477.07531715	0.889552354813	
2477.08226222	0.900375545025	
2477.08920729	0.90915030241	
2477.09615236	0.921839118004	
2477.10309743	0.929107606411	
2477.1100425	0.938736498356	
2477.11698757	0.947350502014	
2477.12393264	0.957650244236	
2477.13087771	0.966984331608	
2477.13782278	0.974084019661	
2477.14476785	0.980047941208	
2477.15171292	0.988350450993	
2477.15865799	0.993713736534	
2477.16560306	1.00055456161	
2477.17254813	1.0040576458	
2477.1794932	1.00670385361	
2477.18643827	1.00815153122	
2477.19338334	1.0104123354	
2477.20032841	1.01116836071	
2477.20727348	1.01443552971	
2477.21421855	1.01488268375	
2477.22116362	1.01563823223	
2477.22810868	1.01878273487	
2477.23505375	1.01882243156	
2477.24199882	1.02169561386	
2477.24894389	1.02054655552	
2477.25588896	1.02306210995	
2477.26283403	1.02501344681	
2477.2697791	1.02617490292	
2477.27672417	1.0283870697	
2477.28366923	1.03020203114	
2477.2906143	1.03148961067	
2477.29755937	1.03315150738	
2477.30450444	1.03434050083	
2477.31144951	1.0371966362	
2477.31839457	1.03619861603	
2477.32533964	1.03824830055	
2477.33228471	1.03906047344	
2477.33922978	1.04104459286	
2477.34617485	1.0413120985	
2477.35311991	1.04242122173	
2477.36006498	1.04453384876	
2477.36701005	1.04133653641	
2477.37395512	1.04402422905	
2477.38090018	1.04352915287	
2477.38784525	1.04414010048	
2477.39479032	1.04296982288	
2477.40173538	1.04286813736	
2477.40868045	1.04369699955	
2477.41562552	1.04341948032	
2477.42257059	1.04256951809	
2477.42951565	1.04332756996	
2477.43646072	1.04152941704	
2477.44340579	1.04190158844	
2477.45035085	1.04034602642	
2477.45729592	1.03990018368	
2477.46424099	1.03810119629	
2477.47118605	1.03612017632	
2477.47813112	1.03411519527	
2477.48507618	1.03518676758	
2477.49202125	1.0300116539	
2477.49896632	1.02979147434	
2477.50591138	1.02813267708	
2477.51285645	1.02624392509	
2477.51980151	1.02394342422	
2477.52674658	1.02183651924	
2477.53369164	1.02111184597	
2477.54063671	1.01760911942	
2477.54758178	1.01593732834	
2477.55452684	1.01346540451	
2477.56147191	1.01050257683	
2477.56841697	1.00867855549	
2477.57536204	1.00751209259	
2477.5823071	1.00332677364	
2477.58925217	1.00211811066	
2477.59619723	0.999677300453	
2477.6031423	0.998847603798	
2477.61008736	0.993612170219	
2477.61703243	0.992595791817	
2477.62397749	0.991701304913	
2477.63092256	0.990161180496	
2477.63786762	0.987355828285	
2477.64481268	0.986217260361	
2477.65175775	0.98394203186	
2477.65870281	0.979090094566	
2477.66564788	0.972204625607	
2477.67259294	0.960105061531	
2477.67953801	0.946027100086	
2477.68648307	0.9291421175	
2477.69342813	0.910564482212	
2477.7003732	0.889953374863	
2477.70731826	0.864153444767	
2477.71426333	0.840367794037	
2477.72120839	0.812987208366	
2477.72815345	0.786235690117	
2477.73509852	0.758235096931	
2477.74204358	0.727582812309	
2477.74898864	0.696899414062	
2477.75593371	0.667506933212	
2477.76287877	0.636566460133	
2477.76982383	0.60820966959	
2477.77676889	0.580423116684	
2477.78371396	0.554664373398	
2477.79065902	0.530920982361	
2477.79760408	0.511229395866	
2477.80454915	0.496344655752	
2477.81149421	0.486150532961	
2477.81843927	0.479936540127	
2477.82538433	0.48040241003	
2477.8323294	0.485128581524	
2477.83927446	0.497019141912	
2477.84621952	0.512938380241	
2477.85316458	0.532817661762	
2477.86010965	0.555910468102	
2477.86705471	0.582061588764	
2477.87399977	0.609413444996	
2477.88094483	0.63796800375	
2477.88788989	0.668753802776	
2477.89483496	0.698628008366	
2477.90178002	0.727767407894	
2477.90872508	0.758451521397	
2477.91567014	0.787109076977	
2477.9226152	0.814494609833	
2477.92956026	0.840550720692	
2477.93650532	0.865471422672	
2477.94345039	0.88670784235	
2477.95039545	0.909561038017	
2477.95734051	0.928014755249	
2477.96428557	0.943481206894	
2477.97123063	0.957759797573	
2477.97817569	0.970976471901	
2477.98512075	0.977364063263	
2477.99206581	0.979678988457	
2477.99901087	0.981195569038	
2478.00595593	0.983297348022	
2478.01290099	0.985352158546	
2478.01984605	0.987585067749	
2478.02679112	0.98841881752	
2478.03373618	0.990324258804	
2478.04068124	0.992394983768	
2478.0476263	0.99621284008	
2478.05457136	0.99725997448	
2478.06151642	0.999641895294	
2478.06846148	1.00093638897	
2478.07540654	1.00478708744	
2478.0823516	1.00593519211	
2478.08929666	1.00865745544	
2478.09624172	1.01058316231	
2478.10318677	1.01292824745	
2478.11013183	1.01411914825	
2478.11707689	1.01754510403	
2478.12402195	1.02021741867	
2478.13096701	1.02130651474	
2478.13791207	1.02275526524	
2478.14485713	1.02466368675	
2478.15180219	1.0249298811	
2478.15874725	1.02780914307	
2478.16569231	1.02992022038	
2478.17263737	1.03242218494	
2478.17958243	1.03181874752	
2478.18652748	1.03265011311	
2478.19347254	1.03562188148	
2478.2004176	1.03637564182	
2478.20736266	1.03678798676	
2478.22125278	1.03840649128	
2478.22819784	1.0383503437	
2478.23514289	1.03863191605	
2478.24208795	1.03875935078	
2478.24903301	1.04109561443	
2478.25597807	1.03929245472	
2478.26292313	1.03972995281	
2478.26986818	1.03943228722	
2478.27681324	1.03814864159	
2478.2837583	1.03963959217	
2478.29070336	1.03881537914	
2478.29764841	1.03787052631	
2478.30459347	1.03690063953	
2478.31153853	1.03579080105	
2478.31848359	1.03493249416	
2478.32542864	1.03373324871	
2478.3323737	1.03178656101	
2478.33931876	1.03094267845	
2478.34626382	1.03125917912	
2478.35320887	1.02970814705	
2478.36015393	1.02754127979	
2478.36709899	1.02595722675	
2478.37404404	1.02404022217	
2478.3809891	1.02324664593	
2478.38793416	1.02263867855	
2478.39487921	1.01866495609	
2478.40182427	1.01848709583	
2478.40876933	1.01835560799	
2478.41571438	1.01614737511	
2478.42265944	1.015432477	
2478.4296045	1.01314783096	
2478.43654955	1.0112247467	
2478.44349461	1.00963199139	
2478.45043966	1.00911581516	
2478.45738472	1.00854969025	
2478.46432978	1.00591409206	
2478.47821989	1.00025141239	
2478.48516494	0.993916809559	
2478.49211	0.987468123436	
2478.49905505	0.980142652988	
2478.50600011	0.97275197506	
2478.51294517	0.964215159416	
2478.51989022	0.956849038601	
2478.52683528	0.948867619038	
2478.53378033	0.937981128693	
2478.54072539	0.928721606731	
2478.54767044	0.917601764202	
2478.5546155	0.908817231655	
2478.56156055	0.898567736149	
2478.56850561	0.890302419662	
2478.57545066	0.879718661308	
2478.58239572	0.871303021908	
2478.58934077	0.862140357494	
2478.59628583	0.856067597866	
2478.60323088	0.849487006664	
2478.61017593	0.845348119736	
2478.61712099	0.841859698296	
2478.62406604	0.839569866657	
2478.6310111	0.839205503464	
2478.63795615	0.841352939606	
2478.64490121	0.843357801437	
2478.65184626	0.848454475403	
2478.65879131	0.855624198914	
2478.66573637	0.859627842903	
2478.67268142	0.867772698402	
2478.67962647	0.87740534544	
2478.68657153	0.885591626167	
2478.69351658	0.89665222168	
2478.70046164	0.904755175114	
2478.70740669	0.914712309837	
2478.71435174	0.925433576107	
2478.7212968	0.93433713913	
2478.72824185	0.943262755871	
2478.7351869	0.952298879623	
2478.74213196	0.962222516537	
2478.74907701	0.970641434193	
2478.75602206	0.977179288864	
2478.76296711	0.985873103142	
2478.76991217	0.992198348045	
2478.77685722	0.996337771416	
2478.78380227	1.00138652325	
2478.79074733	1.00538098812	
2478.79769238	1.00801253319	
2478.80463743	1.00986862183	
2478.81158248	1.01074135303	
2478.81852754	1.01243460178	
2478.82547259	1.01430439949	
2478.83241764	1.01488995552	
2478.83936269	1.01600503922	
2478.84630774	1.01840937138	
2478.8532528	1.01911377907	
2478.86019785	1.02315819263	
2478.8671429	1.02183949947	
2478.87408795	1.02581202984	
2478.881033	1.02675354481	
2478.88797806	1.02774488926	
2478.89492311	1.0297832489	
2478.90186816	1.03146874905	
2478.90881321	1.03184986115	
2478.91575826	1.03404903412	
2478.92270331	1.03524136543	
2478.92964836	1.03722679615	
2478.93659342	1.03860425949	
2478.94353847	1.03870487213	
2478.95048352	1.03963768482	
2478.95742857	1.04132962227	
2478.96437362	1.04218649864	
2478.97131867	1.04032421112	
2478.97826372	1.04271674156	
2478.98520877	1.04312396049	
2478.99215382	1.04297614098	
2478.99909887	1.04366695881	
2479.00604392	1.04177856445	
2479.01298897	1.04244148731	
2479.01993403	1.0439029932	
2479.02687908	1.0419280529	
2479.03382413	1.04104709625	
2479.04076918	1.04097795486	
2479.04771423	1.04096472263	
2479.05465928	1.04090857506	
2479.06160433	1.04077672958	
2479.06854938	1.03765928745	
2479.07549443	1.03729736805	
2479.08243948	1.03688776493	
2479.08938453	1.03592324257	
2479.09632958	1.03393030167	
2479.10327462	1.03160226345	
2479.11021967	1.0303992033	
2479.11716472	1.0292160511	
2479.12410977	1.02535426617	
2479.13105482	1.0246809721	
2479.13799987	1.0232462883	
2479.14494492	1.02180469036	
2479.15188997	1.01869833469	
2479.15883502	1.01578497887	
2479.16578007	1.01453125477	
2479.17272512	1.0116289854	
2479.17967017	1.00923335552	
2479.18661521	1.00877547264	
2479.19356026	1.00604093075	
2479.20050531	1.00524926186	
2479.20745036	1.00118887424	
2479.21439541	0.998138666153	
2479.22134046	0.996531426907	
2479.22828551	0.995595097542	
2479.23523055	0.992569386959	
2479.2421756	0.99178725481	
2479.24912065	0.988953590393	
2479.2560657	0.986960470676	
2479.26301075	0.985195815563	
2479.26995579	0.983204960823	
2479.27690084	0.977420151234	
2479.28384589	0.96519100666	
2479.29079094	0.952893257141	
2479.29773599	0.938550293446	
2479.30468103	0.918734073639	
2479.31162608	0.897824168205	
2479.31857113	0.876141488552	
2479.32551618	0.852669000626	
2479.33246122	0.82663667202	
2479.33940627	0.799176335335	
2479.34635132	0.770009577274	
2479.35329636	0.740252435207	
2479.36024141	0.711915314198	
2479.36718646	0.680843293667	
2479.37413151	0.650744140148	
2479.38107655	0.620761156082	
2479.3880216	0.592485785484	
2479.39496665	0.566077828407	
2479.40191169	0.540709495544	
2479.40885674	0.51951032877	
2479.41580179	0.502450525761	
2479.42274683	0.489976584911	
2479.42969188	0.482137143612	
2479.43663693	0.479791760445	
2479.44358197	0.482803910971	
2479.45052702	0.490570127964	
2479.45747206	0.504401087761	
2479.46441711	0.52183508873	
2479.47136216	0.545845091343	
2479.4783072	0.569086849689	
2479.48525225	0.597335398197	
2479.49219729	0.62537997961	
2479.49914234	0.655640721321	
2479.50608739	0.684844255447	
2479.51303243	0.714429914951	
2479.51997748	0.744026899338	
2479.52692252	0.774593889713	
2479.53386757	0.800929963589	
2479.54081261	0.828360617161	
2479.54775766	0.853924572468	
2479.5547027	0.877336740494	
2479.56164775	0.899209797382	
2479.56859279	0.921251177788	
2479.57553784	0.937237918377	
2479.58248288	0.951384603977	
2479.58942793	0.964581727982	
2479.59637297	0.973603069782	
2479.60331802	0.977888464928	
2479.61026306	0.980633676052	
2479.61720811	0.982560157776	
2479.62415315	0.984678328037	
2479.6310982	0.986622035503	
2479.63804324	0.989317417145	
2479.64498828	0.989482223988	
2479.65193333	0.991357326508	
2479.65887837	0.995648682117	
2479.66582342	0.995121181011	
2479.67276846	0.999686956406	
2479.67971351	1.00017654896	
2479.68665855	1.00237643719	
2479.69360359	1.00520646572	
2479.70054864	1.00667071342	
2479.70749368	1.00940227509	
2479.71443872	1.01187694073	
2479.72138377	1.01314043999	
2479.72832881	1.01616549492	
2479.73527386	1.01646900177	
2479.7422189	1.02039670944	
2479.74916394	1.02027308941	
2479.75610899	1.02366220951	
2479.76305403	1.02580559254	
2479.76999907	1.02773034573	
2479.77694411	1.02922391891	
2479.78388916	1.02974784374	
2479.7908342	1.03221797943	
2479.79777924	1.03361916542	
2479.80472429	1.03411602974	
2479.81166933	1.03482604027	
2479.81861437	1.03659260273	
2479.82555941	1.03656733036	
2479.83250446	1.03818416595	
2479.8394495	1.03877472878	
2479.84639454	1.03940391541	
2479.85333958	1.03991401196	
2479.86028463	1.03966677189	
2479.86722967	1.03936207294	
2479.87417471	1.03955876827	
2479.88111975	1.03913700581	
2479.88806479	1.04062783718	
2479.89500984	1.03893947601	
2479.90195488	1.03790700436	
2479.90889992	1.03694105148	
2479.91584496	1.03609418869	
2479.92279	1.03590524197	
2479.92973505	1.03560268879	
2479.93668009	1.03485023975	
2479.94362513	1.03371167183	
2479.95057017	1.03402471542	
2479.95751521	1.03219151497	
2479.96446025	1.03021407127	
2479.97140529	1.02704131603	
2479.97835033	1.0262556076	
2479.98529538	1.02533900738	
2479.99224042	1.02467131615	
2479.99918546	1.02171242237	
2480.0061305	1.01993465424	
2480.01307554	1.01865255833	
2480.02002058	1.01683402061	
2480.02696562	1.01753520966	
2480.03391066	1.01665329933	
2480.0408557	1.01207339764	
2480.04780074	1.01101887226	
2480.05474578	1.00918459892	
2480.06169082	1.00925683975	
2480.06863586	1.00796973705	
2480.0755809	1.00866758823	
2480.08252594	1.00543057919	
2480.08947098	1.00142228603	
2480.09641602	0.995854973793	
2480.10336106	0.99014377594	
2480.1103061	0.983683943748	
2480.11725114	0.977421581745	
2480.12419618	0.9691234231	
2480.13114122	0.961018383503	
2480.13808626	0.951938688755	
2480.1450313	0.942061305046	
2480.15197634	0.933922290802	
2480.15892138	0.922045528889	
2480.16586642	0.913567900658	
2480.17281146	0.903188109398	
2480.1797565	0.894221127033	
2480.18670154	0.884554684162	
2480.19364658	0.875737905502	
2480.20059162	0.86672860384	
2480.20753666	0.860291659832	
2480.2144817	0.854495286942	
2480.22142673	0.848599970341	
2480.22837177	0.84328263998	
2480.23531681	0.840408265591	
2480.24226185	0.839300751686	
2480.24920689	0.840660989285	
2480.25615193	0.844244480133	
2480.26309697	0.846023380756	
2480.270042	0.851143062115	
2480.27698704	0.857706844807	
2480.28393208	0.864909112453	
2480.29087712	0.873413026333	
2480.29782216	0.881349027157	
2480.30476719	0.891067445278	
2480.31171223	0.901372611523	
2480.31865727	0.912688314915	
2480.32560231	0.920008718967	
2480.33254735	0.930235505104	
2480.33949238	0.940113902092	
2480.34643742	0.95036149025	
2480.35338246	0.957942724228	
2480.3603275	0.967322170734	
2480.36727253	0.974716663361	
2480.37421757	0.981568336487	
2480.38116261	0.990714728832	
2480.38810765	0.993980050087	
2480.39505268	0.999087095261	
2480.40199772	1.00367510319	
2480.40894276	1.00668680668	
2480.41588779	1.00812613964	
2480.42283283	1.01073384285	
2480.42977787	1.01080524921	
2480.43672291	1.01268172264	
2480.44366794	1.01370167732	
2480.45061298	1.01533126831	
2480.45755802	1.01738989353	
2480.46450305	1.01919138432	
2480.47144809	1.01975357533	
2480.47839312	1.02221608162	
2480.48533816	1.02458024025	
2480.4922832	1.02597379684	
2480.49922823	1.02621495724	
2480.50617327	1.02818202972	
2480.51311831	1.02892351151	
2480.52006334	1.03044092655	
2480.52700838	1.03241610527	
2480.53395341	1.03370630741	
2480.54089845	1.03444170952	
2480.54784349	1.03656578064	
2480.55478852	1.03690123558	
2480.56173356	1.03860366344	
2480.56867859	1.03997647762	
2480.57562363	1.04003310204	
2480.58256866	1.04015576839	
2480.5895137	1.04068052769	
2480.59645873	1.04252386093	
2480.60340377	1.04231393337	
2480.6103488	1.04300165176	
2480.61729384	1.04292881489	
2480.62423887	1.04148590565	
2480.63118391	1.04242670536	
2480.64507398	1.04236352444	
2480.65201901	1.04157209396	
2480.65896405	1.04098021984	
2480.66590908	1.04037511349	
2480.67285412	1.03883266449	
2480.67979915	1.03834760189	
2480.68674419	1.03662192822	
2480.69368922	1.03653419018	
2480.70063425	1.03351271152	
2480.70757929	1.03363728523	
2480.71452432	1.0323997736	
2480.72146936	1.03071010113	
2480.72841439	1.02817201614	
2480.73535943	1.02579665184	
2480.74230446	1.02480137348	
2480.74924949	1.02287983894	
2480.75619453	1.01947677135	
2480.76313956	1.01784014702	
2480.77008459	1.01713812351	
2480.77702963	1.01381075382	
2480.78397466	1.01242661476	
2480.79091969	1.00864827633	
2480.79786473	1.0078086853	
2480.80480976	1.00507223606	
2480.81175479	1.00273263454	
2480.81869983	1.00007152557	
2480.82564486	0.998716711998	
2480.83258989	0.996829509735	
2480.83953493	0.994372069836	
2480.84647996	0.993294537067	
2480.85342499	0.991608083248	
2480.86037003	0.9881311059	
2480.86731506	0.986464083195	
2480.87426009	0.983327865601	
2480.88120512	0.982354223728	
2480.88815016	0.978381752968	
2480.89509519	0.972599565983	
2480.90204022	0.95884937048	
2480.90898525	0.943058550358	
2480.91593029	0.928123950958	
2480.92287532	0.90610408783	
2480.92982035	0.88613152504	
2480.93676538	0.863970458508	
2480.94371041	0.837659955025	
2480.95065545	0.810776293278	
2480.95760048	0.782990038395	
2480.96454551	0.75388276577	
2480.97149054	0.724743306637	
2480.97843557	0.694354653358	
2480.9853806	0.663579642773	
2480.99232564	0.63418161869	
2480.99927067	0.604717671871	
2481.0062157	0.576484918594	
2481.01316073	0.551234662533	
2481.02010576	0.527258217335	
2481.02705079	0.508979737759	
2481.03399582	0.493212521076	
2481.04094085	0.483019560575	
2481.04788589	0.477966576815	
2481.05483092	0.479824006557	
2481.06177595	0.485861301422	
2481.06872098	0.497677445412	
2481.07566601	0.513803303242	
2481.08261104	0.533852219582	
2481.08955607	0.557745754719	
2481.0965011	0.584736406803	
2481.10344613	0.611259162426	
2481.11039116	0.640843570232	
2481.11733619	0.66963493824	
2481.12428122	0.700985968113	
2481.13122625	0.730906605721	
2481.13817128	0.759797692299	
2481.14511631	0.787623763084	
2481.15206134	0.815353870392	
2481.15900637	0.841731011868	
2481.1659514	0.866354644299	
2481.17289643	0.890513181686	
2481.17984146	0.910699725151	
2481.18678649	0.928394973278	
2481.19373152	0.945586919785	
2481.20067655	0.959517121315	
2481.20762158	0.971018612385	
2481.21456661	0.979309856892	
2481.22151164	0.980421364307	
2481.22845667	0.981560409069	
2481.2354017	0.984051167965	
2481.24234673	0.985804975033	
2481.24929176	0.987014651299	
2481.25623679	0.989152550697	
2481.26318181	0.991703629494	
2481.27012684	0.993757784367	
2481.27707187	0.995408415794	
2481.2840169	0.997654378414	
2481.29096193	0.999678850174	
2481.29790696	1.00120961666	
2481.30485199	1.00483012199	
2481.31179702	1.00608205795	
2481.31874204	1.00869059563	
2481.32568707	1.01230692863	
2481.3326321	1.01448369026	
2481.33957713	1.0160266161	
2481.34652216	1.01747536659	
2481.35346718	1.0199136734	
2481.36041221	1.02106761932	
2481.36735724	1.02371132374	
2481.37430227	1.0250505209	
2481.3812473	1.02491247654	
2481.38819232	1.02810692787	
2481.39513735	1.02924752235	
2481.40208238	1.03246378899	
2481.40902741	1.03325760365	
2481.41597244	1.03410100937	
2481.42291746	1.03390967846	
2481.42986249	1.03532135487	
2481.43680752	1.03819656372	
2481.44375254	1.0383272171	
2481.45069757	1.03872954845	
2481.4576426	1.03796124458	
2481.46458763	1.04073429108	
2481.47153265	1.04018855095	
2481.47847768	1.03900825977	
2481.48542271	1.04020667076	
2481.49236773	1.0393601656	
2481.49931276	1.0382579565	
2481.50625779	1.03794300556	
2481.51320281	1.03978788853	
2481.52014784	1.03881490231	
2481.52709287	1.03691446781	
2481.53403789	1.03621077538	
2481.54098292	1.03592848778	
2481.54792795	1.03425765038	
2481.55487297	1.03277933598	
2481.561818	1.03325974941	
2481.56876302	1.03246855736	
2481.57570805	1.03018939495	
2481.58265308	1.02950239182	
2481.5895981	1.0274579525	
2481.59654313	1.02670955658	
2481.60348815	1.02401733398	
2481.61043318	1.02353096008	
2481.6173782	1.02084028721	
2481.62432323	1.0207182169	
2481.63126826	1.01862514019	
2481.63821328	1.01734638214	
2481.64515831	1.01587331295	
2481.65210333	1.01280653477	
2481.65904836	1.0133279562	
2481.66599338	1.01192414761	
2481.67293841	1.01012003422	
2481.67988343	1.00857329369	
2481.68682846	1.00733530521	
2481.69377348	1.00562667847	
2481.70071851	1.00232410431	
2481.70766353	0.999126672745	
2481.71460856	0.991946160793	
2481.72155358	0.987131714821	
2481.7284986	0.980644285679	
2481.73544363	0.971954464912	
2481.74933368	0.955741524696	
2481.7562787	0.945563912392	
2481.76322373	0.93595379591	
2481.77016875	0.927452087402	
2481.77711377	0.918241083622	
2481.7840588	0.907628595829	
2481.79100382	0.897812306881	
2481.79794885	0.888243377209	
2481.80489387	0.878316879272	
2481.81183889	0.870742678642	
2481.81878392	0.862317502499	
2481.82572894	0.855640351772	
2481.83267397	0.849613904953	
2481.83961899	0.845140814781	
2481.84656401	0.840545713902	
2481.85350904	0.839039027691	
2481.86045406	0.839757740498	
2481.86739908	0.840270221233	
2481.87434411	0.844629406929	
2481.88128913	0.848996341228	
2481.88823415	0.85531359911	
2481.89517917	0.860746264458	
2481.9021242	0.869590342045	
2481.90906922	0.877786815166	
2481.91601424	0.885863482952	
2481.92295927	0.89581143856	
2481.92990429	0.90609896183	
2481.93684931	0.916662871838	
2481.94379433	0.926063358784	
2481.95073936	0.934833526611	
2481.95768438	0.945381164551	
2481.9646294	0.953334450722	
2481.97157442	0.962773859501	
2481.97851944	0.971891999245	
2481.98546447	0.978529036045	
2481.99240949	0.984317064285	
2481.99935451	0.992785513401	
2482.00629953	0.997653067112	
2482.01324455	1.00376355648	
2482.02018958	1.0072286129	
2482.0271346	1.00814509392	
2482.03407962	1.00823974609	
2482.04102464	1.009781003	
2482.04796966	1.01205086708	
2482.05491468	1.01415586472	
2482.06185971	1.01513898373	
2482.06880473	1.01738083363	
2482.07574975	1.01776373386	
2482.08269477	1.01953411102	
2482.08963979	1.0209133625	
2482.09658481	1.02327156067	
2482.10352983	1.02452647686	
2482.11047485	1.02650344372	
2482.11741987	1.02746629715	
2482.12436489	1.02939152718	
2482.13130992	1.03084909916	
2482.13825494	1.03219246864	
2482.14519996	1.03298330307	
2482.15214498	1.03454303741	
2482.15909	1.03531229496	
2482.16603502	1.03764390945	
2482.17298004	1.03777754307	
2482.17992506	1.03984165192	
2482.18687008	1.03954064846	
2482.1938151	1.04128551483	
2482.20076012	1.04165053368	
2482.20770514	1.04045450687	
2482.22159518	1.04321372509	
2482.2285402	1.04265785217	
2482.23548522	1.04380118847	
2482.24243024	1.04320704937	
2482.24937526	1.04310798645	
2482.25632028	1.04255521297	
2482.2632653	1.04194283485	
2482.27021032	1.04224216938	
2482.27715533	1.03987932205	
2482.28410035	1.04119586945	
2482.29104537	1.03965115547	
2482.29799039	1.03774595261	
2482.30493541	1.03633499146	
2482.31188043	1.03570699692	
2482.31882545	1.03324520588	
2482.32577047	1.03191673756	
2482.33271549	1.03144359589	
2482.33966051	1.02911245823	
2482.34660552	1.0284318924	
2482.35355054	1.02682876587	
2482.36049556	1.02255523205	
2482.36744058	1.02107894421	
2482.3743856	1.01894879341	
2482.38133062	1.01587748528	
2482.38827563	1.0145816803	
2482.39522065	1.01407814026	
2482.40216567	1.01046931744	
2482.40911069	1.00910651684	
2482.41605571	1.00676047802	
2482.42300072	1.00332319736	
2482.42994574	1.00199270248	
2482.43689076	0.999081730843	
2482.44383578	0.997686862946	
2482.4507808	0.995555758476	
2482.45772581	0.993057847023	
2482.46467083	0.991317749023	
2482.47161585	0.989993333817	
2482.48550588	0.986240029335	
2482.4924509	0.98348236084	
2482.49939592	0.982023537159	
2482.50634093	0.974679768085	
2482.51328595	0.963707983494	
2482.52023097	0.95035302639	
2482.52717598	0.935943543911	
2482.534121	0.915894985199	
2482.54106602	0.895601332188	
2482.54801104	0.873820185661	
2482.55495605	0.849060356617	
2482.56190107	0.822281241417	
2482.56884608	0.794203281403	
2482.5757911	0.76758646965	
2482.58273612	0.738114118576	
2482.58968113	0.706661820412	
2482.59662615	0.677420437336	
2482.60357117	0.645845174789	
2482.61051618	0.617860078812	
2482.6174612	0.58795440197	
2482.62440621	0.561373949051	
2482.63135123	0.537859857082	
2482.63829625	0.517502903938	
2482.64524126	0.49931293726	
2482.65218628	0.487899452448	
2482.65913129	0.480731755495	
2482.66607631	0.479605972767	
2482.67302132	0.482661038637	
2482.67996634	0.491702049971	
2482.68691135	0.505612850189	
2482.69385637	0.524662077427	
2482.70080139	0.547666490078	
2482.7077464	0.571865081787	
2482.71469142	0.598654925823	
2482.72163643	0.628647267818	
2482.72858145	0.65857231617	
2482.73552646	0.688405573368	
2482.74247148	0.716902434826	
2482.74941649	0.746957242489	
2482.7563615	0.775494217873	
2482.76330652	0.802335560322	
2482.77025153	0.831455767155	
2482.77719655	0.855870604515	
2482.78414156	0.8817679286	
2482.79108658	0.900670826435	
2482.79803159	0.920816063881	
2482.80497661	0.938516736031	
2482.81192162	0.954274952412	
2482.81886663	0.966954410076	
2482.82581165	0.97659444809	
2482.83275666	0.979645431042	
2482.83970168	0.981291651726	
2482.84664669	0.981310009956	
2482.8535917	0.984057605267	
2482.86053672	0.986279249191	
2482.86748173	0.987862050533	
2482.87442674	0.989497601986	
2482.88137176	0.991865694523	
2482.88831677	0.996199846268	
2482.89526178	0.997124195099	
2482.9022068	0.999005377293	
2482.90915181	0.999887943268	
2482.91609682	1.00283229351	
2482.92304184	1.00484526157	
2482.92998685	1.00808238983	
2482.93693186	1.01068627834	
2482.94387688	1.01220953465	
2482.95082189	1.01410114765	
2482.9577669	1.01793015003	
2482.96471191	1.02019417286	
2482.97165693	1.02031838894	
2482.97860194	1.02304756641	
2482.98554695	1.02460229397	
2482.99249196	1.02553486824	
2482.99943698	1.02828538418	
2483.00638199	1.0314040184	
2483.013327	1.03204488754	
2483.02027201	1.03240132332	
2483.02721702	1.03251814842	
2483.03416204	1.03437590599	
2483.04110705	1.03584778309	
2483.05499707	1.03691589832	
2483.06194208	1.03733766079	
2483.0688871	1.03763139248	
2483.07583211	1.03959000111	
2483.08277712	1.03972637653	
2483.08972213	1.03856897354	
2483.09666714	1.03869724274	
2483.10361215	1.03889429569	
2483.11055716	1.03939545155	
2483.11750218	1.03758978844	
2483.12444719	1.03786921501	
2483.1313922	1.03808677197	
2483.13833721	1.03816092014	
2483.14528222	1.03533554077	
2483.15222723	1.03593873978	
2483.15917224	1.03591358662	
2483.16611725	1.03443741798	
2483.17306226	1.03229629993	
2483.18000727	1.03169822693	
2483.18695228	1.02964282036	
2483.19389729	1.02892208099	
2483.2008423	1.02737486362	
2483.20778731	1.02765583992	
2483.21473232	1.02367043495	
2483.22167733	1.02262568474	
2483.22862234	1.02072525024	
2483.23556735	1.02054643631	
2483.24251236	1.01905691624	
2483.24945737	1.01713716984	
2483.25640238	1.01652276516	
2483.26334739	1.01493132114	
2483.2702924	1.01354205608	
2483.27723741	1.0126914978	
2483.28418242	1.0117521286	
2483.29112743	1.00936162472	
2483.29807244	1.00914251804	
2483.30501745	1.00718331337	
2483.31196246	1.00420486927	
2483.31890747	1.00145792961	
2483.32585248	0.995757758617	
2483.33279749	0.990298211575	
2483.3397425	0.983313858509	
2483.34668751	0.975949466228	
2483.35363251	0.968324542046	
2483.36057752	0.9606153965	
2483.36752253	0.950564622879	
2483.37446754	0.940562009811	
2483.38141255	0.933224916458	
2483.38835756	0.922211647034	
2483.39530257	0.912206530571	
2483.40224758	0.9022757411	
2483.40919258	0.894202470779	
2483.41613759	0.883181869984	
2483.4230826	0.874730527401	
2483.43002761	0.867276489735	
2483.43697262	0.859456419945	
2483.44391762	0.852068662643	
2483.45086263	0.846461594105	
2483.45780764	0.842703104019	
2483.46475265	0.839987754822	
2483.47169766	0.838499307632	
2483.47864266	0.839216887951	
2483.48558767	0.843028247356	
2483.49253268	0.846968173981	
2483.49947769	0.852113246918	
2483.50642269	0.857405483723	
2483.5133677	0.866020798683	
2483.52031271	0.87395042181	
2483.52725771	0.88293415308	
2483.53420272	0.892709434032	
2483.54114773	0.901828885078	
2483.54809274	0.911372482777	
2483.55503774	0.922153234482	
2483.56198275	0.930577754974	
2483.56892776	0.940388739109	
2483.57587276	0.951530277729	
2483.58281777	0.958196878433	
2483.58976278	0.967783212662	
2483.59670778	0.976126432419	
2483.60365279	0.982722938061	
2483.6105978	0.989978671074	
2483.6175428	0.995915532112	
2483.62448781	1.00116097927	
2483.63143281	1.00547766685	
2483.63837782	1.00647377968	
2483.64532283	1.00966453552	
2483.65226783	1.01036524773	
2483.65921284	1.0118111372	
2483.66615784	1.01330554485	
2483.67310285	1.01518142223	
2483.68004786	1.01698088646	
2483.68699286	1.01806783676	
2483.69393787	1.01876842976	
2483.70088287	1.02083039284	
2483.70782788	1.02207231522	
2483.71477288	1.024720788	
2483.72171789	1.02665627003	
2483.72866289	1.02985560894	
2483.7356079	1.02802956104	
2483.7425529	1.03116154671	
2483.74949791	1.03182649612	
2483.76338792	1.0339949131	
2483.77033292	1.03541135788	
2483.77727793	1.03729295731	
2483.78422293	1.0383234024	
2483.79116794	1.03786456585	
2483.79811294	1.04185831547	
2483.80505795	1.04171419144	
2483.81200295	1.04232084751	
2483.81894796	1.04285001755	
2483.82589296	1.0433806181	
2483.83283796	1.043415308	
2483.83978297	1.04304087162	
2483.84672797	1.04456317425	
2483.85367298	1.04484045506	
2483.86061798	1.04443883896	
2483.86756298	1.04379916191	
2483.87450799	1.04282653332	
2483.88145299	1.0413800478	
2483.888398	1.04312849045	
2483.895343	1.04092621803	
2483.902288	1.03920090199	
2483.90923301	1.03782439232	
2483.91617801	1.03848540783	
2483.92312301	1.03770458698	
2483.93006802	1.03422749043	
2483.93701302	1.03409767151	
2483.94395802	1.0309741497	
2483.95090303	1.03077399731	
2483.95784803	1.02998435497	
2483.96479303	1.02869307995	
2483.97173803	1.02466654778	
2483.97868304	1.02267873287	
2483.98562804	1.01952838898	
2483.99257304	1.01794576645	
2483.99951804	1.01711821556	
2484.00646305	1.01475119591	
2484.01340805	1.01273274422	
2484.02035305	1.00988543034	
2484.02729805	1.00769972801	
2484.03424306	1.00684022903	
2484.04118806	1.00292384624	
2484.04813306	1.00039970875	
2484.05507806	0.997828245163	
2484.06202307	0.996223330498	
2484.06896807	0.994285941124	
2484.07591307	0.991081655025	
2484.08285807	0.989478945732	
2484.08980307	0.98817127943	
2484.09674807	0.986396670341	
2484.10369308	0.983705043793	
2484.11063808	0.983458042145	
2484.11758308	0.976571321487	
2484.12452808	0.968154489994	
2484.13147308	0.957126736641	
2484.13841808	0.942534446716	
2484.14536308	0.924851775169	
2484.15230808	0.905379533768	
2484.15925309	0.884210467339	
2484.16619809	0.85948830843	
2484.17314309	0.834011435509	
2484.18008809	0.807372331619	
2484.18703309	0.780616223812	
2484.19397809	0.751786053181	
2484.20092309	0.721753001213	
2484.20786809	0.68990457058	
2484.21481309	0.661518633366	
2484.22175809	0.630428314209	
2484.22870309	0.601139783859	
2484.23564809	0.575296759605	
2484.24259309	0.548715829849	
2484.24953809	0.526586174965	
2484.25648309	0.50790643692	
2484.26342809	0.492756903172	
2484.27037309	0.484535217285	
2484.27731809	0.480388134718	
2484.28426309	0.481066614389	
2484.29120809	0.487307488918	
2484.29815309	0.499615907669	
2484.30509809	0.516410887241	
2484.31204309	0.53668576479	
2484.31898809	0.56156951189	
2484.32593309	0.586075484753	
2484.33287809	0.61516815424	
2484.33982309	0.644327282906	
2484.34676809	0.673909068108	
2484.35371309	0.702448487282	
2484.36065809	0.735152065754	
2484.36760309	0.76278835535	
2484.37454809	0.791153728962	
2484.38149309	0.81871175766	
2484.38843808	0.844524919987	
2484.39538308	0.870605051517	
2484.40232808	0.891227543354	
2484.40927308	0.913825809956	
2484.41621808	0.931281447411	
2484.42316308	0.94730335474	
2484.43010808	0.960387825966	
2484.43705307	0.970008134842	
2484.44399807	0.976640641689	
2484.45094307	0.980710983276	
2484.45788807	0.981786310673	
2484.46483307	0.983225047588	
2484.47177807	0.985749006271	
2484.47872306	0.986752033234	
2484.48566806	0.98988866806	
2484.49261306	0.9925557971	
2484.49955806	0.995601952076	
2484.50650306	0.995780944824	
2484.51344805	0.998379707336	
2484.52039305	1.00127482414	
2484.52733805	1.00313830376	
2484.53428305	1.00479984283	
2484.54122804	1.0069065094	
2484.54817304	1.00811862946	
2484.55511804	1.01125001907	
2484.56206304	1.01395082474	
2484.56900803	1.01413536072	
2484.57595303	1.01844871044	
2484.58289803	1.01963591576	
2484.58984302	1.02164530754	
2484.59678802	1.02205574512	
2484.60373302	1.02586948872	
2484.61067801	1.02656924725	
2484.61762301	1.02784061432	
2484.62456801	1.0308161974	
2484.631513	1.03118014336	
2484.638458	1.03263890743	
2484.645403	1.03447580338	
2484.65234799	1.03412675858	
2484.65929299	1.0360352993	
2484.66623799	1.03918933868	
2484.67318298	1.03822684288	
2484.68012798	1.03686034679	
2484.68707298	1.03890192509	
2484.69401797	1.04332304001	
2484.70096297	1.0373159647	
2484.70790796	1.04192876816	
2484.71485296	1.04058301449	
2484.72179796	1.04117548466	
2484.72874295	1.03971982002	
2484.73568795	1.03809845448	
2484.74263294	1.04074704647	
2484.74957794	1.03895616531	
2484.75652293	1.03936135769	
2484.76346793	1.03790473938	
2484.77041293	1.03659296036	
2484.77735792	1.0347982645	
2484.78430292	1.03431510925	
2484.79124791	1.03293478489	
2484.79819291	1.03325736523	
2484.8051379	1.03308558464	
2484.8120829	1.02848601341	
2484.81902789	1.02721452713	
2484.82597289	1.02749669552	
2484.83291788	1.02675127983	
2484.83986288	1.02452588081	
2484.84680787	1.02319657803	
2484.85375287	1.01877713203	
2484.86069786	1.01836252213	
2484.86764286	1.01799654961	
2484.87458785	1.01473355293	
2484.88153284	1.01547062397	
2484.88847784	1.01284039021	
2484.89542283	1.01090598106	
2484.90236783	1.01066660881	
2484.90931282	1.00633263588	
2484.91625782	1.00505566597	
2484.92320281	1.00604951382	
2484.9301478	1.00637841225	
2484.9370928	1.0020147562	
2484.95098279	1.0020660162	
2484.95792778	0.996469140053	
2484.96487277	0.971874475479	
2484.97181777	0.96389311552	
2484.97876276	0.952738821507	
2484.98570776	0.948286890984	
2484.99265275	0.93647569418	
2484.99959774	0.926666080952	
2485.00654274	0.916015207767	
2485.01348773	0.905755937099	
2485.02043272	0.896324753761	
2485.02737772	0.887614607811	
2485.03432271	0.880583405495	
2485.0412677	0.871279835701	
2485.0482127	0.863232254982	
2485.05515769	0.85374557972	
2485.06210268	0.849326074123	
2485.06904768	0.844437837601	
2485.07599267	0.839323699474	
2485.08293766	0.840398013592	
2485.08988265	0.837818264961	
2485.09682765	0.840452492237	
2485.10377264	0.843581616879	
2485.11071763	0.846319019794	
2485.11766263	0.852978110313	
2485.12460762	0.859758913517	
2485.13155261	0.868671834469	
2485.1384976	0.877762556076	
2485.1454426	0.886891722679	
2485.15238759	0.896915495396	
2485.15933258	0.905308008194	
2485.16627757	0.915404140949	
2485.17322257	0.924676239491	
2485.18016756	0.932890355587	
2485.18711255	0.943917155266	
2485.19405754	0.95233809948	
2485.20100253	0.964382827282	
2485.20794753	0.96952933073	
2485.21489252	0.979167997837	
2485.22183751	0.985579013824	
2485.2287825	0.990760922432	
2485.23572749	0.99492764473	
2485.24267249	1.00217187405	
2485.24961748	1.00524890423	
2485.25656247	1.00497066975	
2485.26350746	1.00909078121	
2485.27045245	1.00946879387	
2485.27739744	1.00922060013	
2485.28434244	1.01302611828	
2485.29128743	1.01542401314	
2485.29823242	1.01774537563	
2485.30517741	1.01860666275	
2485.3121224	1.02134156227	
2485.31906739	1.02121067047	
2485.32601239	1.02192854881	
2485.33295738	1.02438342571	
2485.33990237	1.02597200871	
2485.34684736	1.0254098177	
2485.35379235	1.03046298027	
2485.36073734	1.03067719936	
2485.36768233	1.03226256371	
2485.37462732	1.03205573559	
2485.38157232	1.02944135666	
2485.38851731	1.03684937954	
2485.3954623	1.0359390974	
2485.40240729	1.03703486919	
2485.40935228	1.03896689415	
2485.41629727	1.03718459606	
2485.42324226	1.03827798367	
2485.43018725	1.03974354267	
2485.43713224	1.04495286942	
2485.44407723	1.04217731953	
2485.45102223	1.04346871376	
2485.45796722	1.04257237911	
2485.46491221	1.04371523857	
2485.4718572	1.04354763031	
2485.47880219	1.04187035561	
2485.48574718	1.04139375687	
2485.49269217	1.04143559933	
2485.49963716	1.0428198576	
2485.50658215	1.0417778492	
2485.51352714	1.04126429558	
2485.52047213	1.03965580463	
2485.52741712	1.03809571266	
2485.53436211	1.03954482079	
2485.54130711	1.0362817049	
2485.5482521	1.0332865715	
2485.55519709	1.0326859951	
2485.56214208	1.03196120262	
2485.56908707	1.03027951717	
2485.57603206	1.02563488483	
2485.58297705	1.02496504784	
2485.58992204	1.02372944355	
2485.59686703	1.0213752985	
2485.60381202	1.02214157581	
2485.61075701	1.01637935638	
2485.617702	1.01505100727	
2485.62464699	1.01064431667	
2485.63159198	1.01059544086	
2485.63853697	1.00890338421	
2485.64548196	1.00767505169	
2485.65242695	1.00691521168	
2485.65937194	0.999880135059	
2485.66631693	0.999581098557	
2485.67326193	0.997417986393	
2485.68020692	0.995116889477	
2485.68715191	0.989784479141	
2485.6940969	0.992115199566	
2485.70104189	0.988479614258	
2485.70798688	0.98496055603	
2485.71493187	0.999563574791	
2485.72187686	1.00094306469	
2485.72882185	0.983241677284	
2485.73576684	0.974161207676	
2485.74271183	0.962661683559	
2485.74965682	0.947561502457	
2485.75660181	0.931931972504	
2485.7635468	0.913776874542	
2485.77049179	0.89357894659	
2485.77743678	0.875015497208	
2485.78438178	0.848034620285	
2485.79132677	0.821699440479	
2485.79827176	0.79472887516	
2485.80521675	0.763958156109	
2485.81216174	0.737303256989	
2485.81910673	0.702691376209	
2485.82605172	0.672895312309	
2485.83299671	0.643726289272	
2485.8399417	0.615438103676	
2485.84688669	0.587668001652	
2485.85383168	0.558290362358	
2485.86077668	0.537347495556	
2485.86772167	0.51538336277	
2485.87466666	0.501581311226	
2485.88161165	0.489955484867	
2485.88855664	0.477648556232	
2485.89550163	0.478574752808	
2485.90244662	0.481615573168	
2485.90939162	0.493572205305	
2485.91633661	0.506126761436	
2485.9232816	0.526515185833	
2485.93022659	0.547588527203	
2485.93717158	0.574581444263	
2485.94411657	0.599808752537	
2485.95106157	0.632958471775	
2485.95800656	0.657686889172	
2485.96495155	0.688956201077	
2485.97189654	0.720197618008	
2485.97884153	0.74866938591	
2485.98578653	0.780369341373	
2485.99273152	0.806197941303	
2485.99967651	0.83169490099	
2486.0066215	0.856202185154	
2486.0135665	0.879634439945	
2486.02051149	0.902461230755	
2486.02745648	0.920644819736	
2486.03440148	0.939477086067	
2486.04134647	0.957217156887	
2486.04829146	0.963933706284	
2486.05523646	0.973325610161	
2486.06218145	0.977306783199	
2486.06912644	0.979461669922	
2486.07607144	0.980398476124	
2486.08301643	0.984503626823	
2486.08996142	0.984892964363	
2486.09690642	0.991226553917	
2486.10385141	0.987962663174	
2486.11079641	0.98884510994	
2486.1177414	0.990183532238	
2486.1246864	0.993318855762	
2487.18727399	1.02465450764	
2487.19421903	1.02132284641	
2487.20116406	1.02074611187	
2487.2081091	1.01800787449	
2487.21505414	1.01696038246	
2487.22199918	1.01293110847	
2487.22894421	1.01184010506	
2487.23588925	1.00857675076	
2487.24283429	1.0079293251	
2487.24977933	1.00377714634	
2487.25672436	1.0018633604	
2487.2636694	0.999461531639	
2487.27755948	0.99557518959	
2487.28450452	0.994343757629	
2487.29144955	0.993113398552	
2487.29839459	0.991377770901	
2487.30533963	0.987785816193	
2487.31228467	0.985967934132	
2487.31922971	0.984254062176	
2487.32617474	0.982747614384	
2487.33311978	0.980620265007	
2487.34006482	0.979007363319	
2487.34700986	0.973874330521	
2487.3539549	0.96406519413	
2487.36089993	0.952122747898	
2487.36784497	0.935898661613	
2487.37479001	0.919409513474	
2487.38173505	0.899791955948	
2487.38868008	0.878796994686	
2487.39562512	0.854317307472	
2487.40257016	0.829984068871	
2487.4095152	0.802407264709	
2487.41646024	0.775205731392	
2487.42340527	0.746118664742	
2487.43035031	0.715601563454	
2487.43729535	0.685205340385	
2487.44424038	0.655815541744	
2487.45118542	0.625564098358	
2487.45813046	0.596638023853	
2487.4650755	0.568505167961	
2487.47202053	0.544541239738	
2487.47896557	0.521815896034	
2487.48591061	0.503617763519	
2487.49285564	0.489632487297	
2487.49980068	0.47992810607	
2487.50674572	0.476789087057	
2487.51369075	0.48012393713	
2487.52063579	0.485804259777	
2487.52758083	0.499845057726	
2487.53452586	0.51622903347	
2487.5414709	0.537113904953	
2487.54841594	0.560499787331	
2487.55536097	0.586883425713	
2487.56230601	0.614566743374	
2487.56925104	0.645945489407	
2487.57619608	0.674950003624	
2487.58314112	0.705736398697	
2487.59008615	0.734452366829	
2487.59703119	0.762693107128	
2487.60397622	0.791074752808	
2487.61092126	0.819245278835	
2487.61786629	0.844857990742	
2487.62481133	0.86920773983	
2487.63175636	0.891282975674	
2487.6387014	0.912018299103	
2487.64564643	0.93009865284	
2487.65259147	0.945407211781	
2487.6595365	0.959656774998	
2487.66648154	0.969776272774	
2487.67342657	0.975817680359	
2487.68037161	0.979948699474	
2487.68731664	0.980600774288	
2487.69426168	0.981632828712	
2487.70120671	0.982934653759	
2487.70815174	0.98490446806	
2487.71509678	0.988808870316	
2487.72204181	0.988926708698	
2487.72898685	0.991687357426	
2487.73593188	0.99391078949	
2487.74287691	0.99557518959	
2487.74982195	0.997657954693	
2487.75676698	1.00129520893	
2487.76371201	1.00309574604	
2487.77065705	1.00563442707	
2487.77760208	1.00657570362	
2487.78454711	1.01008045673	
2487.79149214	1.01156067848	
2487.79843718	1.01219201088	
2487.80538221	1.0154402256	
2487.81232724	1.01771295071	
2487.81927227	1.02106928825	
2487.82621731	1.02121543884	
2487.83316234	1.02243077755	
2487.84010737	1.02493023872	
2487.8470524	1.02637898922	
2487.85399743	1.02799081802	
2487.86094246	1.02818608284	
2487.8678875	1.03050112724	
2487.87483253	1.03106021881	
2487.88177756	1.03342223167	
2487.88872259	1.03348958492	
2487.89566762	1.034496665	
2487.90261265	1.03447604179	
2487.90955768	1.03555679321	
2487.91650271	1.03648650646	
2487.92344774	1.03545570374	
2487.93039277	1.03650200367	
2487.9373378	1.03683674335	
2487.95122786	1.03773224354	
2487.95817289	1.03490972519	
2487.96511792	1.03574490547	
2487.97206295	1.03527200222	
2487.97900798	1.03484869003	
2487.98595301	1.03467237949	
2487.99289804	1.03458583355	
2487.99984307	1.033436656	
2488.0067881	1.03160822392	
2488.01373313	1.0317132473	
2488.02067815	1.02992045879	
2488.02762318	1.02832818031	
2488.03456821	1.0281137228	
2488.04151324	1.02606749535	
2488.04845827	1.02387189865	
2488.0554033	1.02256083488	
2488.06234832	1.0212635994	
2488.06929335	1.02005767822	
2488.07623838	1.01864075661	
2488.08318341	1.01823985577	
2488.09012843	1.01547348499	
2488.09707346	1.01441645622	
2488.10401849	1.01137280464	
2488.11096352	1.01117646694	
2488.11790854	1.01005077362	
2488.12485357	1.00709557533	
2488.1317986	1.00770652294	
2488.13874362	1.00521183014	
2488.14568865	1.005838871	
2488.15263368	1.00361704826	
2488.1595787	1.00105321407	
2488.16652373	0.996056377888	
2488.17346875	0.988075435162	
2488.18041378	0.982111930847	
2488.18735881	0.975147068501	
2488.19430383	0.968169927597	
2488.20124886	0.958565056324	
2488.20819388	0.951577007771	
2488.21513891	0.943017601967	
2488.22208393	0.931953072548	
2488.22902896	0.92236751318	
2488.23597398	0.912392854691	
2488.24291901	0.902375280857	
2488.24986403	0.892630457878	
2488.25680906	0.88386708498	
2488.26375408	0.873593449593	
2488.2706991	0.866148650646	
2488.27764413	0.858706474304	
2488.28458915	0.851935863495	
2488.29153418	0.846358060837	
2488.2984792	0.841757416725	
2488.30542422	0.838006913662	
2488.31236925	0.837577342987	
2488.31931427	0.837847352028	
2488.32625929	0.838797569275	
2488.33320432	0.841947436333	
2488.34014934	0.848886489868	
2488.34709436	0.853317379951	
2488.35403939	0.859104275703	
2488.36098441	0.868876576424	
2488.36792943	0.876234233379	
2488.37487445	0.885682225227	
2488.38181948	0.895405888557	
2488.3887645	0.905699312687	
2488.39570952	0.913628339767	
2488.40265454	0.925258219242	
2488.40959956	0.93447971344	
2488.41654459	0.942480802536	
2488.42348961	0.952937364578	
2488.43043463	0.962004125118	
2488.43737965	0.96956217289	
2488.44432467	0.977461218834	
2488.45126969	0.983312666416	
2488.45821471	0.99057495594	
2488.46515973	0.995655596256	
2488.47210475	1.00078785419	
2488.47904978	1.0051163435	
2488.4859948	1.00644481182	
2488.49293982	1.0077303648	
2488.49988484	1.00811600685	
2488.50682986	1.00852394104	
2488.51377488	1.01193678379	
2488.5207199	1.01270985603	
2488.52766492	1.01495468616	
2488.53460994	1.01424527168	
2488.54155496	1.01612305641	
2488.54849997	1.01769566536	
2488.55544499	1.01999032497	
2488.56239001	1.02142429352	
2488.56933503	1.02396357059	
2488.57628005	1.02521014214	
2488.58322507	1.02505421638	
2488.59017009	1.02813601494	
2488.59711511	1.02846217155	
2488.60406013	1.03089725971	
2488.61100514	1.03117847443	
2488.61795016	1.03241610527	
2488.62489518	1.03346657753	
2488.6318402	1.03470337391	
2488.63878522	1.03624868393	
2488.64573023	1.03697502613	
2488.65267525	1.03745877743	
2488.65962027	1.03913259506	
2488.66656529	1.03873562813	
2488.6735103	1.03871154785	
2488.68045532	1.03896141052	
2488.68740034	1.03927409649	
2488.69434535	1.03975045681	
2488.70129037	1.03966963291	
2488.70823539	1.03996229172	
2488.71518041	1.03966462612	
2488.72212542	1.03950250149	
2488.72907044	1.03717982769	
2488.73601545	1.03820836544	
2488.74296047	1.03640687466	
2488.74990549	1.03534388542	
2488.7568505	1.03390145302	
2488.76379552	1.03339529037	
2488.77074053	1.03192996979	
2488.77768555	1.03132212162	
2488.78463056	1.02837753296	
2488.79157558	1.02744412422	
2488.7985206	1.0256755352	
2488.80546561	1.0243729353	
2488.81241063	1.02129554749	
2488.81935564	1.02030837536	
2488.82630066	1.01771640778	
2488.83324567	1.01684999466	
2488.84019068	1.01554572582	
2488.8471357	1.01263272762	
2488.85408071	1.00939118862	
2488.86102573	1.00731194019	
2488.86797074	1.00475144386	
2488.87491576	1.00259280205	
2488.88186077	1.00079905987	
2488.88880578	0.999007642269	
2488.8957508	0.995785236359	
2488.90269581	0.993601977825	
2488.90964082	0.992626368999	
2488.91658584	0.989690005779	
2488.92353085	0.987289369106	
2488.93047586	0.986187458038	
2488.93742088	0.982983767986	
2488.94436589	0.982587099075	
2488.9513109	0.980791389942	
2488.95825591	0.976007282734	
2488.96520093	0.96921312809	
2488.97214594	0.959871888161	
2488.97909095	0.943960189819	
2488.98603596	0.928239047527	
2488.99298098	0.909820854664	
2488.99992599	0.889207065105	
2489.006871	0.866503357887	
2489.01381601	0.843154668808	
2489.02076102	0.816100239754	
2489.02770603	0.788749456406	
2489.03465105	0.759818792343	
2489.04159606	0.729959726334	
2489.04854107	0.699439108372	
2489.05548608	0.668789684772	
2489.06243109	0.639283239841	
2489.0693761	0.611720979214	
2489.07632111	0.582636058331	
2489.08326612	0.555749356747	
2489.09021113	0.532540380955	
2489.09715614	0.511512100697	
2489.10410115	0.495456188917	
2489.11104616	0.485060453415	
2489.11799118	0.478363007307	
2489.12493619	0.47732591629	
2489.1318812	0.483486175537	
2489.1388262	0.493478924036	
2489.14577121	0.508283317089	
2489.15271622	0.528144538403	
2489.15966123	0.548901498318	
2489.16660624	0.573215007782	
2489.17355125	0.602006077766	
2489.18049626	0.630840957165	
2489.18744127	0.660823822021	
2489.19438628	0.69054877758	
2489.20133129	0.719973921776	
2489.2082763	0.749103426933	
2489.21522131	0.778864622116	
2489.22216631	0.806812882423	
2489.22911132	0.831661522388	
2489.23605633	0.858125507832	
2489.24994635	0.902655720711	
2489.25689136	0.920898079872	
2489.26383636	0.93823748827	
2489.27078137	0.952523112297	
2489.27772638	0.964096903801	
2489.28467139	0.972001075745	
2489.29161639	0.97674793005	
2489.2985614	0.979127109051	
2489.30550641	0.980745792389	
2489.31245142	0.981921195984	
2489.31939642	0.983218073845	
2489.32634143	0.985580086708	
2489.33328644	0.988895356655	
2489.34023144	0.990493118763	
2489.34717645	0.992274105549	
2489.35412146	0.993699073792	
2489.36106646	0.996240496635	
2489.36801147	0.998616695404	
2489.37495648	1.00299310684	
2489.38190148	1.00416231155	
2489.38884649	1.00502669811	
2489.39579149	1.00657081604	
2489.4027365	1.00868010521	
2489.40968151	1.01244306564	
2489.41662651	1.01436316967	
2489.42357152	1.01611459255	
2489.43051652	1.01760435104	
2489.43746153	1.02070736885	
2489.44440653	1.02241885662	
2489.45135154	1.02307963371	
2489.45829654	1.02446460724	
2489.46524155	1.02641248703	
2489.47218655	1.02743518353	
2489.47913156	1.02905333042	
2489.48607656	1.03069007397	
2489.49302157	1.03214478493	
2489.49996657	1.03285324574	
2489.50691157	1.03299427032	
2489.51385658	1.03432786465	
2489.52080158	1.03508365154	
2489.52774659	1.03629255295	
2489.53469159	1.0353821516	
2489.54163659	1.03640031815	
2489.5485816	1.03690540791	
2489.5555266	1.03606915474	
2489.5624716	1.03548228741	
2489.56941661	1.03536307812	
2489.57636161	1.03479576111	
2489.58330661	1.03560495377	
2489.59025162	1.03460228443	
2489.59719662	1.03325212002	
2489.60414162	1.03435707092	
2489.61108663	1.03193902969	
2489.61803163	1.03226673603	
2489.62497663	1.02985405922	
2489.63192163	1.02924346924	
2489.63886664	1.02851009369	
2489.64581164	1.02703118324	
2489.65275664	1.02545142174	
2489.65970164	1.02441358566	
2489.66664665	1.0220772028	
2489.67359165	1.02138292789	
2489.68053665	1.01989531517	
2489.68748165	1.01882851124	
2489.69442665	1.01670825481	
2489.70137165	1.01569604874	
2489.70831665	1.01384079456	
2489.71526166	1.0135717392	
2489.72220666	1.01176416874	
2489.72915166	1.01002573967	
2489.73609666	1.0092728138	
2489.74304166	1.00853133202	
2489.74998666	1.00698077679	
2489.75693166	1.00539302826	
2489.76387666	1.00363123417	
2489.77082166	1.00048077106	
2489.77776666	0.996700227261	
2489.78471166	0.992996454239	
2489.79165666	0.98595148325	
2489.79860166	0.979357659817	
2489.80554666	0.972303271294	
2489.81249166	0.963679432869	
2489.81943666	0.954770922661	
2489.82638166	0.94559186697	
2489.83332666	0.938119709492	
2489.84027166	0.927348077297	
2489.84721666	0.916646897793	
2489.85416166	0.906844139099	
2489.86110666	0.89667069912	
2489.86805166	0.888402760029	
2489.87499666	0.879449367523	
2489.88194166	0.870212376118	
2489.88888666	0.86032897234	
2489.89583165	0.854843914509	
2489.90277665	0.848687887192	
2489.90972165	0.842693567276	
2489.91666665	0.839668571949	
2489.92361165	0.838026940823	
2489.93055665	0.836970210075	
2489.93750165	0.837373197079	
2489.94444664	0.840442478657	
2489.95139164	0.844328761101	
2489.95833664	0.850494682789	
2489.96528164	0.856516540051	
2489.97222663	0.865321874619	
2489.97917163	0.872973978519	
2489.98611663	0.881366491318	
2489.99306163	0.891422331333	
2490.00000662	0.899687945843	
2490.00695162	0.910873532295	
2490.01389662	0.918954730034	
2490.02084162	0.930606424809	
2490.02778661	0.93976444006	
2490.03473161	0.94879925251	
2490.04167661	0.956957817078	
2490.0486216	0.966728568077	
2490.0555666	0.97557091713	
2490.0625116	0.981576919556	
2490.06945659	0.987546563148	
2490.07640159	0.993092119694	
2490.08334658	0.997186422348	
2490.09029158	1.0027961731	
2490.09723658	1.00469923019	
2490.10418157	1.00531697273	
2490.11112657	1.00853025913	
2490.11807156	1.00867903233	
2490.12501656	1.00962436199	
2490.13196155	1.01056337357	
2490.13890655	1.01284360886	
2490.14585155	1.01500880718	
2490.15279654	1.01606488228	
2490.15974154	1.01802027225	
2490.16668653	1.01847231388	
2490.17363153	1.02027964592	
2490.18057652	1.02221488953	
2490.18752152	1.02419865131	
2490.19446651	1.02449858189	
2490.2014115	1.02803063393	
2490.2083565	1.02871620655	
2490.21530149	1.02995193005	
2490.22224649	1.03092563152	
2490.22919148	1.0330773592	
2490.23613648	1.0327064991	
2490.24308147	1.03518497944	
2490.25002646	1.03695392609	
2490.25697146	1.03839337826	
2490.26391645	1.03719675541	
2490.27086144	1.03881275654	
2490.27780644	1.0382835865	
2490.28475143	1.04007196426	
2490.29169643	1.03943538666	
2490.29864142	1.03977310658	
2490.30558641	1.04157137871	
2490.3125314	1.03978955746	
2490.3194764	1.03946471214	
2490.32642139	1.03893899918	
2490.33336638	1.03894007206	
2490.34031138	1.03849470615	
2490.34725637	1.03805482388	
2490.35420136	1.03774547577	
2490.36114635	1.03746902943	
2490.36809135	1.03719806671	
2490.37503634	1.03373539448	
2490.38198133	1.03371918201	
2490.38892632	1.03192722797	
2490.39587131	1.03101706505	
2490.40281631	1.02895689011	
2490.4097613	1.02816784382	
2490.41670629	1.02622759342	
2490.42365128	1.02324390411	
2490.43059627	1.02211177349	
2490.43754126	1.02059173584	
2490.44448626	1.01862561703	
2490.45143125	1.01676249504	
2490.45837624	1.01336109638	
2490.46532123	1.01128578186	
2490.47226622	1.00935733318	
2490.47921121	1.00752460957	
2490.4861562	1.00372827053	
2490.49310119	1.00236237049	
2490.50004618	0.999971926212	
2490.50699117	0.99835985899	
2490.51393616	0.994637966156	
2490.52088115	0.994133114815	
2490.52782614	0.990839779377	
2490.53477113	0.988868951797	
2490.54171612	0.986524581909	
2490.54866111	0.985109686852	
2490.5556061	0.98342114687	
2490.56255109	0.981196939945	
2490.56949608	0.97998893261	
2490.57644107	0.973925173283	
2490.58338606	0.96493011713	
2490.59033105	0.952603399754	
2490.59727604	0.936652004719	
2490.60422103	0.919160544872	
2490.61116602	0.897787511349	
2490.61811101	0.877691924572	
2490.625056	0.852631032467	
2490.63200099	0.828176915646	
2490.63894598	0.800994098186	
2490.64589096	0.771643579006	
2490.65283595	0.743439137936	
2490.65978094	0.713789105415	
2490.66672593	0.683702647686	
2490.67367092	0.654406547546	
2490.68061591	0.624027371407	
2490.68756089	0.594987869263	
2490.69450588	0.567857205868	
2490.70839586	0.521303594112	
2490.71534085	0.502137005329	
2490.72228583	0.489047646523	
2490.72923082	0.479382038116	
2490.73617581	0.477260172367	
2490.7431208	0.479866653681	
2490.75006578	0.487841248512	
2490.75701077	0.499720692635	
2490.76395576	0.517176032066	
2490.77090075	0.538352787495	
2490.77784573	0.563262581825	
2490.78479072	0.590263783932	
2490.79173571	0.617593169212	
2490.79868069	0.647680699825	
2490.80562568	0.678087055683	
2490.81257067	0.70756316185	
2490.81951565	0.737693250179	
2490.82646064	0.766545653343	
2490.83340563	0.794600844383	
2490.84035061	0.822113275528	
2490.8472956	0.847747683525	
2490.85424058	0.870850086212	
2490.86118557	0.894229590893	
2490.86813055	0.914313793182	
2490.87507554	0.93211722374	
2490.88202053	0.94785284996	
2490.88896551	0.960974156857	
2490.8959105	0.969606876373	
2490.90285548	0.974401831627	
2490.90980047	0.978822231293	
2490.91674545	0.979875862598	
2490.92369044	0.981308221817	
2490.93063542	0.984218657017	
2490.93758041	0.985757529736	
2490.94452539	0.986805260181	
2490.95147038	0.989421308041	
2490.95841536	0.990914285183	
2490.96536035	0.993622779846	
2490.97230533	0.995391249657	
2490.97925032	0.998441755772	
2490.9861953	1.00015366077	
2490.99314028	1.00220811367	
2491.00008527	1.00381922722	
2491.00703025	1.00735580921	
2491.01397524	1.00878715515	
2491.02092022	1.00890398026	
2491.0278652	1.0129109621	
2491.03481019	1.01538288593	
2491.04175517	1.01776587963	
2491.04870016	1.0197404623	
2491.05564514	1.02080309391	
2491.06259012	1.02346324921	
2491.06953511	1.02323198318	
2491.07648009	1.02510428429	
2491.08342507	1.02761745453	
2491.09037006	1.02727639675	
2491.09731504	1.02938592434	
2491.10426002	1.03087711334	
2491.111205	1.03218519688	
2491.11814999	1.03333640099	
2491.12509497	1.03469562531	
2491.13203995	1.03537034988	
2491.13898493	1.03501772881	
2491.14592992	1.03554058075	
2491.1528749	1.0363368988	
2491.15981988	1.03578948975	
2491.16676486	1.03872668743	
2491.17370984	1.03635418415	
2491.18065483	1.03473711014	
2491.18759981	1.03637814522	
2491.19454479	1.03462684155	
2491.20148977	1.03513300419	
2491.20843475	1.03502607346	
2491.21537973	1.03373742104	
2491.22232472	1.03271448612	
2491.2292697	1.0307084322	
2491.23621468	1.0302823782	
2491.24315966	1.03033697605	
2491.25010464	1.02628314495	
2491.25704962	1.02586221695	
2491.2639946	1.02536869049	
2491.27093958	1.02580761909	
2491.27788456	1.02259767056	
2491.28482954	1.02121007442	
2491.29177453	1.02084732056	
2491.29871951	1.01832783222	
2491.30566449	1.01765775681	
2491.31260947	1.01538598537	
2491.31955445	1.01411700249	
2491.32649943	1.01240825653	
2491.33344441	1.00970411301	
2491.34038939	1.01065587997	
2491.34733437	1.00836873055	
2491.35427935	1.00759458542	
2491.36122433	1.00776767731	
2491.3681693	1.00451827049	
2491.37511428	1.00405371189	
2491.38205926	1.00218141079	
2491.38900424	0.998655855656	
2491.39594922	0.995187759399	
2491.4028942	0.988437712193	
2491.40983918	0.980169415474	
2491.41678416	0.975655674934	
2491.42372914	0.967047154903	
2491.43067412	0.959821105003	
2491.4376191	0.949565947056	
2491.44456407	0.94060921669	
2491.45150905	0.930957078934	
2491.45845403	0.920585215092	
2491.46539901	0.91213530302	
2491.47234399	0.901617228985	
2491.47928897	0.891658842564	
2491.48623394	0.883857011795	
2491.49317892	0.874734461308	
2491.5001239	0.864855825901	
2491.50706888	0.858399868011	
2491.51401386	0.85142070055	
2491.52095883	0.84482139349	
2491.52790381	0.840867877007	
2491.53484879	0.838573455811	
2491.54179377	0.837884485722	
2491.54873874	0.836202144623	
2491.55568372	0.838169157505	
2491.5626287	0.84203594923	
2491.56957367	0.848317027092	
2491.57651865	0.853568017483	
2491.58346363	0.860789954662	
2491.59040861	0.869496643543	
2491.59735358	0.878892183304	
2491.60429856	0.886919438839	
2491.61124354	0.895361185074	
2491.61818851	0.906565666199	
2491.62513349	0.916399717331	
2491.63207846	0.924436569214	
2491.63902344	0.935187220573	
2491.64596842	0.945307374001	
2491.65291339	0.954658806324	
2491.65985837	0.961603105068	
2491.66680334	0.970060169697	
2491.67374832	0.978663980961	
2491.6806933	0.983472526073	
2491.68763827	0.991372227669	
2491.69458325	0.996434628963	
2491.70152822	1.00170636177	
2491.7084732	1.00239896774	
2491.71541817	1.0063431263	
2491.72236315	1.00588309765	
2491.72930812	1.00820600986	
2491.7362531	1.00870060921	
2491.74319807	1.01150417328	
2491.75014305	1.01210963726	
2491.75708802	1.01292729378	
2491.764033	1.01529073715	
2491.77097797	1.01860058308	
2491.77792295	1.01959896088	
2491.78486792	1.01995587349	
2491.7918129	1.02181529999	
2491.79875787	1.0226020813	
2491.80570284	1.02594578266	
2491.81264782	1.02763652802	
2491.81959279	1.029322505	
2491.82653777	1.03093910217	
2491.83348274	1.0310561657	
2491.84042771	1.03207552433	
2491.84737269	1.03358411789	
2491.85431766	1.03477537632	
2491.86126264	1.03576683998	
2491.86820761	1.03746438026	
2491.87515258	1.03887629509	
2491.88209756	1.03959429264	
2491.88904253	1.03988707066	
2491.8959875	1.04117643833	
2491.90293247	1.04032671452	
2491.90987745	1.04063785076	
2491.91682242	1.04059445858	
2491.92376739	1.04154026508	
2491.93071237	1.0417971611	
2491.93765734	1.04170513153	
2491.94460231	1.03948891163	
2491.95154728	1.04073524475	
2491.95849226	1.04060804844	
2491.96543723	1.03904104233	
2491.9723822	1.03751003742	
2491.97932717	1.0355476141	
2491.98627214	1.03575706482	
2491.99321712	1.0349779129	
2492.00016209	1.03247880936	
2492.00710706	1.03293883801	
2492.01405203	1.03099441528	
2492.020997	1.0291557312	
2492.02794197	1.0279686451	
2492.03488695	1.02545571327	
2492.04183192	1.02178525925	
2492.04877689	1.02187621593	
2492.05572186	1.0193015337	
2492.06266683	1.017390728	
2492.0696118	1.01468360424	
2492.07655677	1.01348090172	
2492.08350174	1.01141750813	
2492.09044671	1.006970644	
2492.09739168	1.00542628765	
2492.10433666	1.00435090065	
2492.11128163	1.00190460682	
2492.1182266	1.00022602081	
2492.12517157	0.997516393661	
2492.13211654	0.995232999325	
2492.13906151	0.991252541542	
2492.14600648	0.990435779095	
2492.15295145	0.986985445023	
2492.15989642	0.985713362694	
2492.16684139	0.984317421913	
2492.17378636	0.980383276939	
2492.18073133	0.981447994709	
2492.1876763	0.977240800858	
2492.19462127	0.969927072525	
2492.20156623	0.958605885506	
2492.2085112	0.943088531494	
2492.21545617	0.926614642143	
2492.22240114	0.908984422684	
2492.22934611	0.888479113579	
2492.23629108	0.863977432251	
2492.24323605	0.83980101347	
2492.25018102	0.812630653381	
2492.25712599	0.785165131092	
2492.26407096	0.755877912045	
2492.27101592	0.726797163486	
2492.27796089	0.698443889618	
2492.28490586	0.665976107121	
2492.29185083	0.636556923389	
2492.2987958	0.608224093914	
2492.30574077	0.579310536385	
2492.31268573	0.554605126381	
2492.3196307	0.531139791012	
2492.32657567	0.510419130325	
2492.33352064	0.49517595768	
2492.34046561	0.483557462692	
2492.34741057	0.477498501539	
2492.35435554	0.479098945856	
2492.36130051	0.484073579311	
2492.36824548	0.493359446526	
2492.37519044	0.509022593498	
2492.38213541	0.529093563557	
2492.38908038	0.553007662296	
2492.39602534	0.576709091663	
2492.40297031	0.604209005833	
2492.40991528	0.634104728699	
2492.41686025	0.664398729801	
2492.42380521	0.694156110287	
2492.43075018	0.724458694458	
2492.43769515	0.753347694874	
2492.44464011	0.783303439617	
2492.45158508	0.809801399708	
2492.45853005	0.835787892342	
2492.46547501	0.859915792942	
2492.47241998	0.883867442608	
2492.47936494	0.905094385147	
2492.48630991	0.92422914505	
2492.49325488	0.940791666508	
2492.50019984	0.954540014267	
2492.50714481	0.966209352016	
2492.51408977	0.973511636257	
2492.52103474	0.976882874966	
2492.5279797	0.977204859257	
2492.53492467	0.97986382246	
2492.54186963	0.982367217541	
2492.5488146	0.983554542065	
2492.55575957	0.985806167126	
2492.56270453	0.986990094185	
2492.5696495	0.989024877548	
2492.57659446	0.990476071835	
2492.58353943	0.994364738464	
2492.59048439	0.997144877911	
2492.59742935	0.997847378254	
2492.60437432	0.999961078167	
2492.61131928	1.0028386116	
2492.61826425	1.00449705124	
2492.62520921	1.00797939301	
2492.63215418	1.00911331177	
2492.63909914	1.01041698456	
2492.6460441	1.01407396793	
2492.65298907	1.01537930965	
2492.65993403	1.01704216003	
2492.666879	1.02004790306	
2492.67382396	1.0217165947	
2492.68076892	1.02354800701	
2492.68771389	1.02523052692	
2492.69465885	1.0266097784	
2492.70160381	1.02668976784	
2492.70854878	1.02949726582	
2492.71549374	1.03025102615	
2492.7224387	1.03098416328	
2492.72938367	1.03248441219	
2492.73632863	1.03364145756	
2492.74327359	1.03285288811	
2492.75021856	1.03401792049	
2492.75716352	1.03506481647	
2492.76410848	1.03553688526	
2492.77105344	1.03591299057	
2492.77799841	1.03615391254	
2492.78494337	1.0359390974	
2492.79188833	1.03518593311	
2492.79883329	1.03645777702	
2492.80577826	1.03614199162	
2492.81272322	1.03563547134	
2492.81966818	1.03360795975	
2492.82661314	1.03391349316	
2492.83355811	1.033182621	
2492.84050307	1.0330299139	
2492.84744803	1.03245210648	
2492.85439299	1.03000128269	
2492.86133795	1.02977573872	
2492.86828291	1.02836680412	
2492.87522787	1.0269639492	
2492.88217284	1.02561163902	
2492.8891178	1.02325558662	
2492.89606276	1.02201366425	
2492.90300772	1.02143239975	
2492.90995268	1.02055537701	
2492.91689764	1.01848530769	
2492.9238426	1.01708078384	
2492.93078756	1.01487398148	
2492.93773252	1.01336228848	
2492.94467748	1.01213526726	
2492.95162244	1.01254332066	
2492.95856741	1.01018702984	
2492.97245733	1.00707352161	
2492.97940229	1.00632619858	
2492.98634725	1.00547456741	
2492.99329221	1.00329899788	
2493.00023717	1.0007443428	
2493.00718213	0.996527194977	
2493.01412709	0.990856826305	
2493.02107204	0.984508395195	
2493.028017	0.977651834488	
2493.03496196	0.970195531845	
2493.04190692	0.963009178638	
2493.04885188	0.953505694866	
2493.05579684	0.943813741207	
2493.0627418	0.936179935932	
2493.06968676	0.927551269531	
2493.07663172	0.917075276375	
2493.08357668	0.907001197338	
2493.09052164	0.896633863449	
2493.0974666	0.885612726212	
2493.10441155	0.876654088497	
2493.11135651	0.868829250336	
2493.11830147	0.860152125359	
2493.12524643	0.853206038475	
2493.13219139	0.847353994846	
2493.13913635	0.842298746109	
2493.1460813	0.838201999664	
2493.15302626	0.836988627911	
2493.15997122	0.838213801384	
2493.16691618	0.838194310665	
2493.17386114	0.840994894505	
2493.18080609	0.844573020935	
2493.18775105	0.851013302803	
2493.19469601	0.857750356197	
2493.20164097	0.865226149559	
2493.20858593	0.873333692551	
2493.21553088	0.882910549641	
2493.22247584	0.893397927284	
2493.2294208	0.902914762497	
2493.23636575	0.911010205746	
2493.24331071	0.921456694603	
2493.25025567	0.930923402309	
2493.25720063	0.940391659737	
2493.26414558	0.949791252613	
2493.27109054	0.958086907864	
2493.27803549	0.965918660164	
2493.28498045	0.97414124012	
2493.29192541	0.979992091656	
2493.29887036	0.987363278866	
2493.30581532	0.993056535721	
2493.31276028	0.996969640255	
2493.31970523	1.00279724598	
2493.32665019	1.00499129295	
2493.33359515	1.00475215912	
2493.3405401	1.00744652748	
2493.34748506	1.00664770603	
2493.35443001	1.00935149193	
2493.36137497	1.00994920731	
2493.36831992	1.01201462746	
2493.37526488	1.0140645504	
2493.38220983	1.01602363586	
2493.38915479	1.01804363728	
2493.39609975	1.01863670349	
2493.4030447	1.02088916302	
2493.40998966	1.02156674862	
2493.41693461	1.02520692348	
2493.42387957	1.02733337879	
2493.43082452	1.02645874023	
2493.43776947	1.02892589569	
2493.44471443	1.03184878826	
2493.45165938	1.03165328503	
2493.45860434	1.03391611576	
2493.46554929	1.03525662422	
2493.47249425	1.03492569923	
2493.4794392	1.03608095646	
2493.48638416	1.03883814812	
2493.49332911	1.03873848915	
2493.50027406	1.03913712502	
2493.50721902	1.03885912895	
2493.51416397	1.03879356384	
2493.52110893	1.04151117802	
2493.52805388	1.04050159454	
2493.53499883	1.04037082195	
2493.54194379	1.04079437256	
2493.54888874	1.04041063786	
2493.55583369	1.03966653347	
2493.56277865	1.04096531868	
2493.5697236	1.04004073143	
2493.57666855	1.04024994373	
2493.58361351	1.03859245777	
2493.59055846	1.03771531582	
2493.59750341	1.03652381897	
2493.60444836	1.03514671326	
2493.61139332	1.03544330597	
2493.61833827	1.03248500824	
2493.62528322	1.03152990341	
2493.63222818	1.0294034481	
2493.63917313	1.02758407593	
2493.64611808	1.02581071854	
2493.65306303	1.0233335495	
2493.66000798	1.022108078	
2493.66695294	1.01976633072	
2493.67389789	1.01817190647	
2493.68084284	1.01587176323	
2493.68778779	1.01362431049	
2493.69473274	1.01216351986	
2493.7016777	1.00925028324	
2493.70862265	1.00723254681	
2493.7155676	1.00365698338	
2493.72251255	1.00334095955	
2493.7294575	0.99953776598	
2493.73640245	0.997700989246	
2493.7433474	0.994806468487	
2493.75029235	0.993018448353	
2493.75723731	0.991226792336	
2493.76418226	0.99105155468	
2493.77112721	0.986797332764	
2493.77807216	0.984990239143	
2493.78501711	0.983859300613	
2493.79196206	0.981204807758	
2493.79890701	0.9792547822	
2493.80585196	0.972625851631	
2493.81279691	0.963615059853	
2493.81974186	0.950687229633	
2493.82668681	0.935674250126	
2493.83363176	0.917212724686	
2493.84057671	0.896844565868	
2493.84752166	0.874322712421	
2493.85446661	0.849996447563	
2493.86141156	0.826283752918	
2493.86835651	0.798588216305	
2493.87530146	0.769423961639	
2493.88224641	0.740352928638	
2493.88919136	0.71096354723	
2493.89613631	0.680092930794	
2493.90308126	0.651018679142	
2493.91002621	0.620290338993	
2493.91697116	0.591640114784	
2493.9239161	0.565062582493	
2493.93086105	0.542290329933	
2493.937806	0.519992172718	
2493.94475095	0.501100897789	
2493.9516959	0.488160222769	
2493.95864085	0.479852199554	
2493.9655858	0.476991176605	
2493.97253075	0.48090043664	
2493.97947569	0.487994968891	
2493.98642064	0.502287507057	
2493.99336559	0.520962774754	
2494.00031054	0.541832506657	
2494.00725549	0.564630270004	
2494.01420043	0.592695116997	
2494.02114538	0.620883464813	
2494.02809033	0.651002764702	
2494.03503528	0.680304884911	
2494.04198023	0.710623025894	
2494.04892517	0.7395195961	
2494.05587012	0.769083440304	
2494.06281507	0.796255350113	
2494.06976001	0.824609398842	
2494.07670496	0.849764466286	
2494.08364991	0.873526275158	
2494.09059486	0.895178735256	
2494.0975398	0.915214061737	
2494.10448475	0.933540165424	
2494.1114297	0.948329985142	
2494.11837464	0.962024152279	
2494.12531959	0.970802724361	
2494.13226454	0.976421833038	
2494.13920948	0.977831423283	
2494.14615443	0.979876160622	
2494.15309938	0.98058027029	
2494.16004432	0.98277336359	
2494.16698927	0.984988689423	
2494.17393421	0.987955868244	
2494.18087916	0.987625300884	
2494.18782411	0.991031289101	
2494.19476905	0.994246900082	
2494.201714	0.996146678925	
2494.20865894	0.996183931828	
2494.21560389	0.999984920025	
2494.22254883	1.00183391571	
2494.22949378	1.00415480137	
2494.23643873	1.00699448586	
2494.24338367	1.00854444504	
2494.25032862	1.0118200779	
2494.25727356	1.01307606697	
2494.26421851	1.01452064514	
2494.27116345	1.01750874519	
2494.2781084	1.01822054386	
2494.28505334	1.02028667927	
2494.29199829	1.02243316174	
2494.29894323	1.02523005009	
2494.30588817	1.02560424805	
2494.31283312	1.02670884132	
2494.31977806	1.02795004845	
2494.32672301	1.02987968922	
2494.33366795	1.03147602081	
2494.3406129	1.03176438808	
2494.34755784	1.03119254112	
2494.35450278	1.03419327736	
2494.36144773	1.03429460526	
2494.36839267	1.03501331806	
2494.37533762	1.0367398262	
2494.38228256	1.03559291363	
2494.3892275	1.03615701199	
2494.39617245	1.03636717796	
2494.40311739	1.03611385822	
2494.41006233	1.03749537468	
2494.41700728	1.03568005562	
2494.42395222	1.03609538078	
2494.43089716	1.03479623795	
2494.4378421	1.03593873978	
2494.44478705	1.03400409222	
2494.45173199	1.03288114071	
2494.45867693	1.03217434883	
2494.46562188	1.03025400639	
2494.47256682	1.03073608875	
2494.47951176	1.0288579464	
2494.4864567	1.02875125408	
2494.49340165	1.02733361721	
2494.50034659	1.02451920509	
2494.50729153	1.02321457863	
2494.51423647	1.02179002762	
2494.52118141	1.02018165588	
2494.52812636	1.01990318298	
2494.5350713	1.01827919483	
2494.54201624	1.01639640331	
2494.54896118	1.01491117477	
2494.55590612	1.01287436485	
2494.56285106	1.01274180412	
2494.569796	1.01113045216	
2494.57674095	1.00860798359	
2494.58368589	1.00904428959	
2494.59063083	1.00768733025	
2494.59757577	1.00597071648	
2494.60452071	1.00340735912	
2494.61146565	1.00131011009	
2494.61841059	0.997396409512	
2494.62535553	0.993704080582	
2494.63230047	0.987705290318	
2494.63924541	0.981439232826	
2494.64619035	0.974386274815	
2494.6531353	0.967759251595	
2494.66008024	0.957874774933	
2494.66702518	0.949476778507	
2494.67397012	0.940527439117	
2494.68091506	0.929785966873	
2494.68786	0.91975402832	
2494.69480494	0.911469876766	
2494.70174988	0.902067780495	
2494.70869482	0.890935897827	
2494.71563976	0.882441699505	
2494.72258469	0.873053133488	
2494.72952963	0.864630877972	
2494.73647457	0.857643783092	
2494.74341951	0.850700557232	
2494.75036445	0.844790041447	
2494.75730939	0.83995527029	
2494.76425433	0.83846783638	
2494.77119927	0.837333679199	
2494.77814421	0.837206602097	
2494.78508915	0.84021627903	
2494.79203409	0.843852043152	
2494.79897902	0.848121583462	
2494.80592396	0.853861033916	
2494.8128689	0.862828552723	
2494.81981384	0.869772911072	
2494.82675878	0.877867043018	
2494.83370372	0.887668073177	
2494.84064865	0.897860586643	
2494.84759359	0.906244933605	
2494.85453853	0.91674387455	
2494.86148347	0.9281437397	
2494.86842841	0.935503780842	
2494.87537334	0.946007668972	
2494.88231828	0.954351067543	
2494.88926322	0.963280618191	
2494.89620816	0.971335113049	
2494.90315309	0.977904736996	
2494.91009803	0.985383629799	
2494.91704297	0.990307271481	
2494.92398791	0.996633589268	
2494.93093284	1.00122380257	
2494.93787778	1.00429821014	
2494.94482272	1.00639796257	
2494.95176765	1.00639784336	
2494.95871259	1.00926184654	
2494.96565753	1.0098824501	
2494.97260246	1.01114273071	
2494.9795474	1.01211678982	
2494.98649234	1.01394855976	
2494.99343727	1.01500284672	
2495.00038221	1.01769506931	
2495.00732715	1.01843833923	
2495.01427208	1.02161240578	
2495.02121702	1.02209079266	
2495.02816195	1.02445781231	
2495.03510689	1.0254817009	
2495.04205183	1.02776777744	
2495.04899676	1.02790307999	
2495.0559417	1.02879333496	
2495.06288663	1.03239345551	
2495.06983157	1.03295624256	
2495.0767765	1.03391993046	
2495.08372144	1.03501999378	
2495.09066637	1.03553879261	
2495.09761131	1.03802514076	
2495.10455624	1.0372364521	
2495.11150118	1.03825306892	
2495.11844611	1.03784632683	
2495.12539105	1.03902494907	
2495.13233598	1.04025423527	
2495.13928092	1.04056048393	
2495.14622585	1.04041051865	
2495.15317079	1.03990221024	
2495.16011572	1.0403958559	
2495.16706066	1.03890156746	
2495.17400559	1.03938901424	
2495.18095052	1.03810334206	
2495.18789546	1.03873109818	
2495.19484039	1.03646194935	
2495.20178533	1.0376291275	
2495.20873026	1.03749716282	
2495.21567519	1.03496038914	
2495.22262013	1.03333973885	
2495.22956506	1.03243947029	
2495.23650999	1.02971744537	
2495.24345493	1.02890598774	
2495.25039986	1.02707111835	
2495.25734479	1.02442705631	
2495.26428973	1.02448880672	
2495.27123466	1.02328717709	
2495.27817959	1.02131378651	
2495.28512452	1.01874065399	
2495.29206946	1.01475524902	
2495.29901439	1.01286578178	
2495.30595932	1.01123714447	
2495.31290426	1.00879013538	
2495.31984919	1.00716018677	
2495.32679412	1.00396025181	
2495.33373905	1.00124466419	
2495.34068398	0.999509692192	
2495.34762892	0.996224880219	
2495.35457385	0.996784031391	
2495.36151878	0.993232786655	
2495.36846371	0.990813076496	
2495.37540864	0.989087402821	
2495.38235358	0.986340820789	
2495.38929851	0.984644114971	
2495.39624344	0.983291864395	
2495.40318837	0.981517314911	
2495.4101333	0.980706572533	
2495.41707823	0.97502964735	
2495.42402316	0.968039393425	
2495.4309681	0.955388069153	
2495.43791303	0.94139790535	
2495.44485796	0.925834417343	
2495.45180289	0.907648682594	
2495.45874782	0.884220004082	
2495.46569275	0.863146185875	
2495.47263768	0.83804911375	
2495.47958261	0.810194969177	
2495.48652754	0.783257544041	
2495.49347247	0.754780888557	
2495.5004174	0.723146677017	
2495.50736233	0.694560527802	
2495.51430726	0.663490712643	
2495.52125219	0.633434593678	
2495.52819712	0.604765713215	
2495.53514205	0.577453315258	
2495.54208698	0.551558613777	
2495.54903191	0.528367400169	
2495.55597684	0.508813261986	
2495.56292177	0.494078159332	
2495.5698667	0.482917606831	
2495.57681163	0.478029936552	
2495.58375656	0.478468984365	
2495.59070149	0.483718693256	
2495.59764642	0.495163619518	
2495.60459135	0.511056363583	
2495.61153627	0.530720472336	
2495.6184812	0.553611278534	
2495.62542613	0.579860448837	
2495.63237106	0.607588231564	
2495.63931599	0.635804951191	
2495.64626092	0.667074561119	
2495.65320585	0.697903692722	
2495.66015077	0.726582765579	
2495.6670957	0.755876243114	
2495.67404063	0.783908188343	
2495.68098556	0.813591897488	
2495.68793049	0.837819039822	
2495.69487542	0.861764550209	
2495.70182034	0.886212706566	
2495.70876527	0.904492497444	
2495.7157102	0.924799799919	
2495.72265513	0.942993283272	
2495.72960005	0.956082105637	
2495.73654498	0.96747559309	
2495.74348991	0.974164068699	
2495.75043484	0.97749632597	
2495.75737976	0.977746546268	
2495.76432469	0.979390919209	
2495.77126962	0.982594668865	
2495.77821454	0.984334588051	
2495.78515947	0.987311184406	
2495.7921044	0.987461149693	
2495.79904932	0.989309430122	
2495.80599425	0.991327285767	
2495.81293918	0.995292186737	
2495.8198841	0.996672153473	
2495.82682903	0.998335123062	
2495.83377396	1.00180387497	
2495.84071888	1.0033121109	
2495.84766381	1.00639975071	
2495.85460873	1.0075070858	
2495.86155366	1.00981974602	
2495.86849859	1.01111900806	
2495.87544351	1.0135089159	
2495.88238844	1.01567447186	
2495.88933336	1.01729261875	
2495.89627829	1.01993894577	
2495.90322321	1.02278125286	
2495.91016814	1.02475059032	
2495.91711306	1.0256074667	
2495.92405799	1.02616178989	
2495.93100291	1.02785408497	
2495.93794784	1.02755868435	
2495.94489276	1.03058171272	
2495.95183769	1.03259646893	
2495.95878261	1.03346836567	
2495.96572754	1.03394758701	
2495.97267246	1.03488886356	
2495.97961739	1.03417944908	
2495.98656231	1.03479170799	
2495.99350724	1.03485059738	
2496.00045216	1.03726255894	
2496.00739708	1.035815835	
2496.01434201	1.03643250465	
2496.02128693	1.03574430943	
2496.02823186	1.03725612164	
2496.03517678	1.03434467316	
2496.0421217	1.03560400009	
2496.04906663	1.03446924686	
2496.05601155	1.03433573246	
2496.06295647	1.03560292721	
2496.0699014	1.03258860111	
2496.07684632	1.03302204609	
2496.08379124	1.03144776821	
2496.09073617	1.03066158295	
2496.10462601	1.02738451958	
2496.11157094	1.02579081059	
2496.11851586	1.02457582951	
2496.12546078	1.02332091331	
2496.1324057	1.02138507366	
2496.13935063	1.02127611637	
2496.14629555	1.02049672604	
2496.15324047	1.01631903648	
2496.16018539	1.01624834538	
2496.16713032	1.01370346546	
2496.17407524	1.01285123825	
2496.18102016	1.01177477837	
2496.18796508	1.00948882103	
2496.19491	1.00787627697	
2496.20185492	1.00736367702	
2496.20879985	1.00531840324	
2496.21574477	1.00302243233	
2496.22268969	1.00304591656	
2496.22963461	0.999262332916	
2496.23657953	0.996426403522	
2496.24352445	0.990410208702	
2496.25046937	0.984686553478	
2496.2574143	0.977323651314	
2496.26435922	0.969714164734	
2496.27130414	0.962876081467	
2496.27824906	0.954046905041	
2496.28519398	0.943428874016	
2496.2921389	0.934820115566	
2496.29908382	0.924693644047	
2496.30602874	0.915753602982	
2496.31297366	0.905398845673	
2496.31991858	0.896116375923	
2496.3268635	0.887059569359	
2496.33380842	0.878464281559	
2496.34075334	0.867951989174	
2496.34769826	0.860543429852	
2496.35464318	0.852712333202	
2496.3615881	0.846442759037	
2496.36853302	0.842604458332	
2496.37547794	0.837960839272	
2496.38242286	0.837631642818	
2496.38936778	0.837326586246	
2496.3963127	0.838451504707	
2496.40325762	0.841146945953	
2496.41020254	0.846237123013	
2496.41714746	0.851451575756	
2496.42409238	0.85899657011	
2496.43103729	0.866016745567	
2496.43798221	0.873250186443	
2496.44492713	0.884489536285	
2496.45187205	0.893484830856	
2496.45881697	0.901808977127	
2496.46576189	0.913039982319	
2496.47270681	0.921846330166	
2496.47965172	0.930551469326	
2496.48659664	0.938796818256	
2496.49354156	0.950446486473	
2496.50048648	0.958920061588	
2496.5074314	0.968328595161	
2496.51437631	0.974147319794	
2496.52132123	0.981367409229	
2496.52826615	0.987675666809	
2496.53521107	0.99428153038	
2496.54215599	0.997906625271	
2496.5491009	1.00158333778	
2496.55604582	1.00376355648	
2496.56299074	1.00641834736	
2496.56993565	1.00861096382	
2496.57688057	1.00828564167	
2496.58382549	1.00979185104	
2496.59077041	1.01211237907	
2496.59771532	1.01369178295	
2496.60466024	1.01400363445	
2496.61160516	1.01670134068	
2496.61855007	1.0175344944	
2496.62549499	1.01921606064	
2496.63243991	1.02243947983	
2496.63938482	1.02249991894	
2496.64632974	1.023458004	
2496.65327465	1.02595162392	
2496.66021957	1.02718734741	
2496.66716449	1.02908790112	
2496.6741094	1.02900576591	
2496.68105432	1.03190529346	
2496.68799923	1.0327064991	
2496.69494415	1.03360438347	
2496.70188907	1.03485810757	
2496.70883398	1.03547549248	
2496.7157789	1.03689050674	
2496.72272381	1.03737604618	
2496.72966873	1.03697502613	
2496.73661364	1.03873622417	
2496.74355856	1.0389046669	
2496.75050347	1.03944981098	
2496.75744839	1.03999483585	
2496.7643933	1.03957164288	
2496.77133822	1.0400365591	
2496.77828313	1.03935551643	
2496.78522805	1.03930032253	
2496.79217296	1.03850460052	
2496.79911787	1.0377073288	
2496.80606279	1.03627252579	
2496.8130077	1.03663229942	
2496.81995262	1.03739607334	
2496.82689753	1.03506612778	
2496.84078736	1.03338479996	
2496.84773227	1.03075444698	
2496.85467719	1.02905297279	
2496.8616221	1.02724766731	
2496.86856701	1.02722775936	
2496.87551193	1.02367210388	
2496.88245684	1.02253043652	
2496.88940175	1.01945316792	
2496.89634667	1.01862680912	
2496.90329158	1.01655316353	
2496.91023649	1.0146317482	
2496.91718141	1.01200866699	
2496.92412632	1.01057696342	
2496.93107123	1.00812602043	
2496.93801614	1.005438447	
2496.94496106	1.0036290884	
2496.95190597	1.00140178204	
2496.95885088	0.998280227184	
2496.96579579	0.99589407444	
2496.97274071	0.995721817017	
2496.97968562	0.992577850819	
2496.98663053	0.990593194962	
2496.99357544	0.988789737225	
2497.00052035	0.987031400204	
2497.00746527	0.984636247158	
2497.01441018	0.982070505619	
2497.02135509	0.982911884785	
2497.0283	0.979904294014	
2497.03524491	0.972872793674	
2497.04218982	0.963665783405	
2497.04913474	0.949932575226	
2497.05607965	0.934265434742	
2497.06302456	0.914547502995	
2497.06996947	0.895421683788	
2497.07691438	0.87208455801	
2497.08385929	0.848844945431	
2497.0908042	0.823640167713	
2497.09774911	0.796283006668	
2497.10469402	0.76834666729	
2497.11163893	0.738418996334	
2497.11858384	0.708601653576	
2497.12552875	0.676995337009	
2497.13247366	0.648085355759	
2497.13941857	0.618964731693	
2497.14636348	0.590700566769	
2497.15330839	0.564045488834	
2497.1602533	0.539999485016	
2497.16719821	0.517550647259	
2497.17414312	0.500492751598	
2497.18108803	0.486898988485	
2497.18803294	0.478780835867	
2497.19497785	0.476915240288	
2497.20192276	0.480952650309	
2497.20886767	0.489590317011	
2497.21581258	0.503057420254	
2497.22275749	0.522885084152	
2497.2297024	0.542690217495	
2497.23664731	0.567192852497	
2497.24359222	0.595241010189	
2497.25053713	0.62390267849	
2497.25748203	0.652761936188	
2497.26442694	0.681949257851	
2497.27137185	0.713043749332	
2497.27831676	0.742859184742	
2497.28526167	0.770684957504	
2497.29220658	0.79904961586	
2497.29915148	0.826580822468	
2497.30609639	0.850617468357	
2497.3130413	0.8746265769	
2497.31998621	0.896458387375	
2497.32693112	0.917701900005	
2497.33387602	0.934813082218	
2497.34082093	0.950538396835	
2497.34776584	0.96095764637	
2497.35471075	0.970849335194	
2497.36165565	0.975251734257	
2497.36860056	0.975555837154	
2497.37554547	0.979788601398	
2497.38249038	0.980891644955	
2497.38943528	0.982611358166	
2497.39638019	0.985425233841	
2497.4033251	0.986816167831	
2497.41027	0.986835181713	
2497.41721491	0.990397155285	
2497.42415982	0.992663085461	
2497.43110472	0.994554281235	
2497.43804963	0.996612668037	
2497.44499454	0.998867809772	
2497.45193944	1.00111305714	
2497.45888435	1.00452053547	
2497.46582926	1.00699830055	
2497.47277416	1.0082269907	
2497.47971907	1.0096732378	
2497.48666397	1.01173758507	
2497.49360888	1.01418244839	
2497.50055379	1.01654374599	
2497.50749869	1.0188190937	
2497.5144436	1.02071988583	
2497.5213885	1.02156662941	
2497.52833341	1.02518761158	
2497.53527831	1.02591323853	
2497.54222322	1.0251737833	
2497.54916812	1.02770805359	
2497.55611303	1.02883040905	
2497.56305793	1.03165829182	
2497.57000284	1.03228867054	
2497.57694774	1.03344070911	
2497.58389265	1.0343272686	
2497.59083755	1.03490662575	
2497.59778246	1.03507769108	
2497.60472736	1.03649532795	
2497.61167227	1.0363945961	
2497.61861717	1.03750061989	
2497.62556208	1.03640139103	
2497.63250698	1.03601551056	
2497.63945188	1.03636515141	
2497.64639679	1.03574848175	
2497.65334169	1.03637075424	
2497.6602866	1.03400075436	
2497.6672315	1.03566682339	
2497.6741764	1.03324210644	
2497.68112131	1.03296864033	
2497.68806621	1.03292739391	
2497.69501111	1.03067088127	
2497.70195602	1.02874481678	
2497.70890092	1.02943515778	
2497.71584582	1.02709889412	
2497.72279073	1.02668941021	
2497.72973563	1.02423036098	
2497.73668053	1.02258300781	
2497.74362544	1.02126193047	
2497.75057034	1.02130174637	
2497.75751524	1.01914489269	
2497.76446014	1.01714813709	
2497.77140505	1.01503276825	
2497.77834995	1.01426458359	
2497.78529485	1.01316154003	
2497.79223975	1.01119577885	
2497.79918466	1.01007175446	
2497.80612956	1.00760030746	
2497.81307446	1.00742208958	
2497.82001936	1.00627493858	
2497.82696426	1.00405991077	
2497.83390917	1.00596189499	
2497.84085407	1.00005161762	
2497.84779897	0.99655020237	
2497.85474387	0.993272900581	
2497.86168877	0.986611306667	
2497.86863367	0.978941619396	
2497.87557857	0.972027361393	
2497.88252348	0.965062975883	
2497.88946838	0.957832813263	
2497.89641328	0.946508049965	
2497.90335818	0.939120709896	
2497.91030308	0.929429292679	
2497.91724798	0.918993771076	
2497.92419288	0.909992575645	
2497.93113778	0.899571299553	
2497.93808268	0.89018112421	
2497.94502758	0.881187796593	
2497.95197248	0.873118042946	
2497.95891739	0.862965643406	
2497.96586229	0.856741189957	
2497.97280719	0.850186645985	
2497.97975209	0.844279170036	
2497.98669699	0.839614510536	
2497.99364189	0.83747190237	
2498.00058679	0.83656591177	
2498.00753169	0.837023794651	
2498.01447659	0.83841073513	
2498.02142149	0.843135476112	
2498.02836639	0.848727524281	
2498.03531128	0.855180501938	
2498.04225618	0.859808743	
2498.04920108	0.869540810585	
2498.05614598	0.878929257393	
2498.06309088	0.888152182102	
2498.07003578	0.896916091442	
2498.07698068	0.906955420971	
2498.08392558	0.915773570538	
2498.09087048	0.926973104477	
2498.09781538	0.936832487583	
2498.10476028	0.945158600807	
2498.11170518	0.955452084541	
2498.11865007	0.963799476624	
2498.12559497	0.971784293652	
2498.13253987	0.979015171528	
2498.13948477	0.98525094986	
2498.14642967	0.990411698818	
2498.15337457	0.99694365263	
2498.16031947	1.00063085556	
2498.16726436	1.00358915329	
2498.17420926	1.00565397739	
2498.18115416	1.00715351105	
2498.18809906	1.00978529453	
2498.19504396	1.00856900215	
2498.20198885	1.01036798954	
2498.20893375	1.01305830479	
2498.21587865	1.01451694965	
2498.22282355	1.01596081257	
2498.22976845	1.01736187935	
2498.23671334	1.01876282692	
2498.24365824	1.01980876923	
2498.25060314	1.02188110352	
2498.25754804	1.0242177248	
2498.26449293	1.02511250973	
2498.27143783	1.02585816383	
2498.27838273	1.02756631374	
2498.28532762	1.02972102165	
2498.29227252	1.03142547607	
2498.29921742	1.03117573261	
2498.30616232	1.03148829937	
2498.31310721	1.03536450863	
2498.32005211	1.03440546989	
2498.32699701	1.03642439842	
2498.3339419	1.03659510612	
2498.3408868	1.03704571724	
2498.3478317	1.03847634792	
2498.35477659	1.03917789459	
2498.36172149	1.04049181938	
2498.36866639	1.03836083412	
2498.37561128	1.03854835033	
2498.38255618	1.0386326313	
2498.38950108	1.03761088848	
2498.39644597	1.03818631172	
2498.40339087	1.038636446	
2498.41033576	1.03792083263	
2498.41728066	1.03814554214	
2498.42422556	1.03782892227	
2498.43117045	1.03521299362	
2498.43811535	1.03527486324	
2498.44506024	1.03269517422	
2498.45200514	1.03200757504	
2498.45895004	1.03117215633	
2498.46589493	1.03070020676	
2498.47283983	1.02858936787	
2498.47978472	1.02765417099	
2498.48672962	1.02556824684	
2498.49367452	1.02241039276	
2498.50061941	1.02198398113	
2498.50756431	1.0198148489	
2498.5145092	1.01747357845	
2498.5214541	1.01456356049	
2498.52839899	1.01203203201	
2498.53534389	1.01028347015	
2498.54228878	1.00784981251	
2498.54923368	1.00576496124	
2498.55617857	1.00312316418	
2498.56312347	1.00129616261	
2498.57006837	0.999908149242	
2498.57701326	0.998882651329	
2498.58395816	0.995222330093	
2498.59090305	0.993805646896	
2498.59784795	0.991165518761	
2498.60479284	0.988213598728	
2498.61173774	0.985658884048	
2498.61868263	0.98481041193	
2498.62562753	0.983235001564	
2498.63257242	0.98003256321	
2498.63951732	0.978603720665	
2498.64646221	0.974790513515	
2498.65340711	0.966160953045	
2498.660352	0.955648303032	
2498.6672969	0.939674735069	
2498.67424179	0.923992395401	
2498.68118669	0.902406334877	
2498.68813158	0.880816400051	
2498.69507648	0.858722925186	
2498.70202137	0.83326625824	
2498.70896627	0.806103467941	
2498.71591116	0.778908073902	
2498.72285606	0.748556733131	
2498.72980095	0.720522403717	
2498.73674585	0.690119147301	
2498.74369074	0.662140488625	
2498.75063564	0.629407405853	
2498.75758053	0.600957512856	
2498.76452543	0.572706758976	
2498.77147032	0.548499763012	
2498.77841522	0.525404453278	
2498.78536011	0.506811738014	
2498.79230501	0.491754949093	
2498.7992499	0.48417159915	
2498.8061948	0.477444767952	
2498.81313969	0.480743020773	
2498.82008459	0.483817398548	
2498.82702948	0.495732724667	
2498.83397438	0.512410104275	
2498.84091927	0.532710433006	
2498.84786417	0.555406868458	
2498.85480906	0.58341807127	
2498.86175396	0.610944211483	
2498.86869885	0.640240907669	
2498.87564375	0.671014070511	
2498.88258864	0.699893772602	
2498.88953354	0.728581488132	
